Multiple size <= 100
TEST 3 ARG:58 41 3 89 6 22 2 81 64 86 79 66 23 71 91 21 51 20 97 74 96 4 53 72 31 90 29 59 33 61 45 87 39 52 93 82 16 28 38 56 50 88 69 0 54 36 95 7 68 24 46 75 14 80 18 63 92 84 43 65 26 83 11 15 98 44 67 10 55 19 77 49 78 37 13 35 40 48 8 47 12 9 60 5 73 94 42 25 70 76 34 27 57 1 99 62 17 30 32 85
TEST 7 ARG:94 3 68 51 37 5 89 6 83 90 88 79 57 17 85 22 67 45 60 78 29 47 13 4 73 58 80 76 71 12 39 64 32 1 16 15 56 9 49 38 86 53 10 25 7 31 87 77 23 2 35 61 30 21 54 82 18 41 28 97 84 74 0 50 11 26 52 70 36 95 69 75 55 62 72 44 59 8 42 91 99 40 20 81 19 24 66 92 48 63 65 98 43 14 34 33 96 46 27 93
TEST 8 ARG:91 9 53 29 46 32 72 99 43 96 59 6 4 0 67 94 85 78 71 73 31 12 76 68 21 89 62 37 36 28 69 34 80 14 24 10 57 50 87 63 26 17 90 35 5 15 84 48 92 51 19 41 81 2 88 13 42 60 54 52 74 55 18 56 45 77 44 11 97 3 22 8 39 47 38 61 93 20 95 33 98 27 79 16 83 70 40 75 30 65 66 1 49 58 7 23 86 25 64 82
TEST 10 ARG:27 2 16 7 55 33 30 65 15 85 86 52 20 50 35 78 74 1 0 88 31 4 19 14 39 43 54 82 59 22 53 64 77 28 58 98 29 63 70 51 93 45 24 79 41 95 3 67 12 84 96 8 18 40 68 38 10 6 32 47 83 34 99 36 76 90 94 73 44 75 9 17 26 80 23 72 69 11 49 48 37 13 91 56 25 46 42 60 57 97 81 89 61 62 92 66 71 5 87 21
TEST 12 ARG:36 72 69 15 19 92 6 70 41 29 81 23 44 8 3 52 18 25 54 66 1 45 58 40 9 55 78 63 65 42 34 74 10 85 35 20 7 68 53 93 32 97 14 96 2 82 59 11 39 38 86 12 84 99 26 62 57 16 76 79 47 77 94 13 60 88 50 64 43 98 87 0 95 89 71 80 73 30 56 22 67 4 27 91 28 21 17 90 5 83 49 24 33 75 61 51 31 48 46 37
TEST 14 ARG:91 5 56 80 98 16 30 10 61 54 92 55 36 51 26 19 69 35 76 34 7 50 2 60 97 42 78 37 68 8 82 27 59 77 67 41 43 58 96 95 72 18 87 39 66 13 15 84 22 83 57 70 25 85 6 47 93 71 32 53 21 44 29 24 31 81 4 45 63 90 33 49 38 23 11 0 74 62 73 94 75 20 14 88 52 48 64 17 79 3 99 12 89 28 65 9 46 1 86 40
TEST 15 ARG:9 80 54 24 74 99 6 18 41 38 5 48 84 90 59 76 39 8 65 27 55 23 57 98 32 68 60 42 44 10 45 78 77 30 47 66 79 58 97 43 19 17 94 88 86 53 21 33 12 26 70 64 25 29 83 62 69 40 92 51 11 91 87 3 85 0 75 73 7 46 31 93 22 35 95 15 34 4 20 36 49 89 82 71 1 28 14 63 67 56 52 50 81 2 37 96 72 61 16 13
TEST 18 ARG:29 89 49 95 36 34 27 37 31 66 46 76 71 63 85 12 14 64 23 70 78 43 92 55 99 80 67 65 52 81 20 9 97 30 47 1 33 61 60 3 2 75 21 42 8 26 74 83 17 25 56 77 11 86 24 7 69 93 45 18 88 10 28 53 35 50 32 91 94 5 15 59 84 68 13 41 87 19 72 16 40 58 62 6 73 39 98 0 82 96 4 22 44 38 90 51 79 57 48 54
TEST 19 ARG:5 58 42 72 69 41 44 21 40 82 8 81 48 46 99 51 86 92 43 18 93 37 64 66 28 0 23 98 91 33 17 3 55 80 89 75 78 30 1 2 94 39 74 19 35 88 56 53 10 38 4 12 31 96 9 45 24 32 15 87 29 70 7 11 49 71 76 36 16 95 60 79 14 73 68 34 54 22 25 13 52 63 20 6 26 27 84 67 90 61 77 50 65 62 85 57 97 47 59 83
TEST 27 ARG:28 39 9 48 1 18 93 22 5 17 88 65 96 70 61 89 82 54 81 11 14 23 19 90 60 42 21 58 95 31 4 27 52 41 30 72 3 79 83 67 37 38 53 85 15 20 26 71 62 73 74 36 47 45 35 10 97 49 16 75 64 59 84 46 32 55 29 87 6 86 98 44 76 66 56 50 51 0 77 40 2 80 69 92 34 13 8 25 63 7 33 12 43 91 68 57 78 24 94 99
TEST 28 ARG:65 1 43 70 33 80 54 4 22 75 42 17 68 48 8 86 26 77 27 29 5 67 78 57 53 72 81 15 41 40 38 24 92 23 87 3 62 98 10 11 7 52 2 84 71 63 34 16 47 82 49 95 31 28 79 55 25 20 14 35 0 59 19 50 12 46 44 73 36 69 21 45 76 88 90 99 13 64 91 18 37 30 85 83 58 74 39 32 61 97 56 89 66 6 96 60 93 94 9 51
TEST 33 ARG:68 4 88 10 30 27 47 13 55 5 48 43 89 32 34 56 31 15 33 21 20 49 2 3 8 39 62 51 42 92 84 57 25 40 90 81 86 46 18 80 0 96 9 60 61 24 29 41 14 94 78 79 52 53 54 28 75 45 83 23 35 85 59 37 6 7 82 73 63 98 97 76 17 58 87 50 64 36 70 65 12 99 91 22 38 77 95 19 11 1 72 67 26 93 71 44 69 16 74 66
TEST 34 ARG:16 83 73 20 65 98 40 80 32 25 55 10 63 78 22 36 68 23 93 52 9 11 0 42 15 51 95 44 19 86 75 92 76 64 87 88 27 85 38 7 97 56 31 33 82 3 60 72 69 46 24 47 26 84 6 8 13 49 61 71 74 70 5 91 43 57 90 59 35 37 39 58 99 28 94 18 67 48 81 77 79 41 2 54 1 53 4 14 66 12 96 45 34 62 17 50 89 30 21 29
TEST 35 ARG:3 57 15 39 8 2 14 31 13 66 59 1 63 40 77 18 52 74 84 47 17 16 83 6 24 41 62 73 82 38 53 93 72 91 32 89 86 87 43 99 81 90 11 70 46 61 49 21 26 28 51 30 97 80 71 85 56 0 29 27 67 20 19 34 22 9 64 33 35 42 5 45 36 65 78 88 96 79 48 75 69 37 76 4 68 12 7 92 95 94 58 23 50 98 10 55 25 54 44 60
TEST 36 ARG:34 35 31 67 42 44 41 80 8 13 24 71 25 2 78 18 99 95 38 11 66 68 26 96 10 45 27 98 30 7 32 77 3 74 83 56 92 48 12 33 89 63 1 43 72 82 55 0 62 84 21 47 19 81 97 59 46 50 94 4 88 53 79 52 23 60 90 37 22 5 9 75 54 40 86 17 16 20 58 14 76 69 29 73 93 39 70 28 64 6 36 85 49 57 87 51 15 91 65 61
TEST 38 ARG:14 92 93 10 25 64 91 12 18 50 61 19 33 57 88 94 11 96 46 49 76 82 41 16 30 39 81 3 90 28 35 4 52 74 65 75 87 38 67 98 5 99 59 89 24 47 73 7 86 56 62 1 45 69 29 54 72 83 60 2 9 71 31 26 97 85 0 42 51 21 48 79 13 84 36 53 70 32 55 58 8 27 17 43 80 95 37 40 63 44 66 23 15 78 6 34 77 68 20 22
TEST 39 ARG:73 29 60 23 88 47 19 49 57 55 27 3 70 46 12 10 85 33 82 71 4 43 54 13 91 61 2 14 95 99 89 50 17 8 38 90 59 26 58 69 87 30 37 20 7 44 32 31 34 72 79 98 67 40 28 15 84 66 97 18 6 75 56 65 39 76 86 24 21 62 42 74 64 83 68 77 63 94 36 81 93 25 96 9 52 41 78 16 80 11 5 45 53 22 48 92 0 51 35 1
TEST 40 ARG:12 78 33 72 3 45 24 30 15 52 32 16 18 41 59 38 44 65 1 98 9 97 61 8 73 62 20 55 77 56 36 80 87 85 0 35 83 74 53 89 67 51 26 95 99 68 37 34 90 92 48 6 40 10 69 58 46 75 88 4 19 63 57 93 25 7 31 47 60 14 11 50 91 22 76 42 66 13 96 29 28 81 43 17 2 64 39 27 49 82 70 21 84 5 94 79 71 54 23 86
TEST 41 ARG:99 93 26 91 65 6 64 22 80 54 55 78 37 23 72 1 69 35 18 56 13 47 31 11 50 34 32 67 25 19 0 7 28 74 71 39 97 16 89 81 21 92 41 29 5 46 27 60 86 45 30 59 62 77 12 61 4 73 53 43 48 63 94 38 75 98 68 3 79 52 76 8 49 95 58 83 24 70 15 66 10 36 20 2 40 9 14 17 42 88 90 82 57 44 84 96 51 33 85 87
TEST 42 ARG:70 17 16 94 39 26 67 42 46 21 92 76 81 69 13 58 11 45 61 71 32 64 28 73 29 1 55 98 51 60 95 14 66 77 62 18 33 54 65 78 0 7 56 5 41 50 88 52 80 9 48 86 35 87 43 36 15 25 84 93 8 31 57 38 68 85 79 96 83 97 90 23 20 4 27 40 91 30 59 6 99 24 74 63 72 47 53 34 3 75 44 49 10 37 89 19 22 82 12 2
TEST 44 ARG:28 94 73 86 51 31 34 95 43 58 77 12 48 36 83 35 57 52 22 33 26 63 59 10 54 37 90 85 4 45 96 88 14 41 53 78 67 81 71 32 23 30 79 66 87 65 89 68 19 16 18 61 55 27 29 5 2 6 11 92 3 9 42 1 60 20 44 40 17 46 13 74 64 38 15 97 7 72 80 24 47 25 49 21 69 0 93 98 91 84 99 62 75 8 56 50 76 39 82 70
TEST 48 ARG:53 5 14 41 27 10 45 74 39 8 67 13 35 90 94 36 70 82 26 62 87 42 11 59 24 30 81 88 25 23 15 83 91 47 17 69 85 3 55 16 33 12 7 50 57 6 64 31 21 75 89 96 58 37 95 22 92 51 93 4 32 38 44 1 52 34 98 48 61 60 46 43 99 0 72 84 49 77 9 29 66 20 68 78 97 86 40 63 2 19 76 56 71 28 18 73 79 80 65 54
TEST 50 ARG:34 16 38 0 41 74 65 93 81 6 70 8 23 90 97 64 66 4 35 72 15 21 20 7 84 10 83 85 27 82 47 75 11 36 45 77 94 53 18 68 96 92 73 50 2 12 48 67 52 24 28 25 61 59 3 79 22 58 19 44 57 5 99 71 14 95 33 37 60 78 40 39 13 42 62 17 54 32 91 30 46 9 56 51 87 1 31 98 76 55 63 69 49 89 86 43 26 80 29 88
TEST 53 ARG:40 67 1 44 54 3 38 89 86 26 22 32 88 79 85 20 66 10 35 64 30 5 77 49 12 7 29 57 59 33 52 16 95 28 46 25 27 74 84 42 4 93 43 6 0 13 24 2 83 23 60 71 47 8 61 55 50 18 94 17 9 45 75 92 78 53 87 15 65 82 72 70 81 48 19 41 91 63 11 68 56 36 80 51 31 99 98 90 69 21 58 96 39 37 62 73 34 76 14 97
TEST 54 ARG:17 92 42 50 63 1 91 53 0 46 24 55 68 47 8 89 87 32 22 3 6 67 88 73 61 14 98 82 52 66 2 27 57 85 75 40 5 43 79 18 9 93 15 58 70 71 96 21 19 37 90 60 65 30 35 81 51 25 28 20 11 13 36 29 49 48 16 7 74 45 12 83 56 38 94 10 34 69 31 84 76 97 95 77 72 80 4 78 41 99 64 33 59 23 44 26 39 54 62 86
TEST 55 ARG:13 42 34 68 24 67 46 33 59 36 72 64 96 52 80 90 98 89 30 27 62 84 17 28 50 29 23 74 47 73 56 86 5 7 2 60 9 69 15 94 43 57 1 51 25 85 37 12 71 88 49 26 54 8 32 99 21 97 19 39 35 61 76 63 45 3 78 20 0 95 82 48 65 79 93 6 22 77 38 40 31 10 41 55 70 83 58 18 92 4 14 75 44 66 16 81 11 53 91 87
TEST 57 ARG:0 65 51 72 93 31 24 36 48 26 17 88 45 57 22 83 29 96 99 11 34 4 63 77 92 7 55 66 69 53 5 64 35 97 82 43 59 52 13 70 23 62 10 15 98 8 27 1 80 79 75 42 54 81 9 47 76 67 90 46 41 39 71 49 30 94 18 44 50 89 12 60 91 20 14 78 19 28 16 73 33 61 3 38 68 86 32 2 58 74 87 40 6 56 25 21 85 95 84 37
TEST 59 ARG:43 64 36 96 84 83 85 34 63 35 15 54 53 4 29 16 17 71 32 55 79 33 61 41 69 24 92 47 82 60 50 44 86 31 76 99 91 95 21 66 9 78 28 39 6 5 22 13 19 62 2 30 93 48 77 88 57 12 40 74 52 11 97 42 81 58 73 27 49 23 38 80 7 25 72 56 0 20 37 18 70 14 98 68 94 46 10 1 90 65 89 75 51 8 59 87 3 26 45 67
TEST 62 ARG:86 89 15 73 95 70 28 6 84 90 12 27 76 40 55 30 80 18 91 13 46 52 71 54 39 1 23 37 42 68 82 78 0 41 9 44 75 53 63 31 21 35 96 56 3 94 85 24 99 48 5 47 16 29 14 66 83 67 81 20 57 38 25 61 45 62 33 74 65 22 36 4 2 10 97 72 59 49 11 58 43 19 69 88 87 92 60 17 8 79 51 50 32 34 77 7 26 98 64 93
TEST 64 ARG:23 94 58 95 71 83 64 45 40 57 37 24 70 29 73 65 11 38 68 46 66 13 10 82 90 49 21 17 15 22 93 30 8 69 33 53 12 25 85 14 4 67 9 1 41 80 39 63 35 74 59 19 2 96 81 31 61 28 18 75 78 7 3 27 79 62 16 5 72 47 77 36 50 60 48 88 34 56 91 99 52 6 76 98 84 86 44 32 26 51 97 92 43 87 54 55 42 0 20 89
TEST 65 ARG:48 28 76 90 88 68 95 14 65 33 25 15 69 85 21 66 79 12 74 57 59 77 31 56 24 22 41 6 87 99 44 72 49 2 61 71 20 13 97 98 0 53 92 96 19 23 52 55 4 17 7 16 43 37 39 47 35 67 9 36 29 38 5 34 84 78 1 46 63 94 51 75 3 42 45 58 18 32 70 82 27 89 26 83 60 93 30 11 62 50 73 91 8 80 86 64 54 10 40 81
TEST 68 ARG:37 1 38 33 6 60 95 2 32 44 25 17 85 87 42 55 14 27 79 15 22 76 67 19 66 81 77 84 70 82 58 0 5 65 97 80 18 29 99 75 48 64 26 24 13 34 96 83 91 57 78 4 69 63 45 61 59 39 30 93 36 21 74 86 88 23 40 10 54 62 35 43 53 12 46 89 11 71 8 16 73 50 90 92 52 28 56 47 9 68 31 49 7 51 94 98 3 41 72 20
TEST 69 ARG:44 79 23 91 72 89 70 18 16 34 58 64 55 13 57 85 97 51 21 77 94 87 50 47 2 1 99 92 7 42 53 93 41 30 17 5 54 88 33 84 40 78 67 65 59 9 35 86 69 52 82 60 68 11 3 22 76 49 95 80 38 8 6 66 14 56 4 73 12 0 74 98 36 19 62 25 90 29 31 20 96 27 46 63 83 81 26 61 37 24 48 45 43 75 10 71 39 28 15 32
TEST 70 ARG:66 49 79 44 61 95 96 75 67 17 38 94 4 45 9 93 48 33 29 15 41 86 77 57 20 21 51 3 8 1 6 23 84 70 64 85 54 88 68 50 12 14 13 32 30 56 90 82 5 69 24 81 98 7 27 76 19 52 16 60 28 39 47 99 18 43 91 40 46 2 92 37 42 26 22 78 89 25 74 58 63 53 87 83 36 31 72 73 65 59 97 62 71 0 35 11 55 10 80 34
TEST 71 ARG:54 52 37 95 34 13 61 30 83 98 62 53 71 73 47 15 17 3 42 24 5 44 58 25 76 0 32 20 74 85 41 64 69 65 40 72 78 8 56 39 49 11 92 82 27 9 43 22 81 14 35 96 97 89 50 91 57 31 99 10 38 26 93 67 68 55 79 77 60 18 75 1 59 12 80 63 7 6 45 33 28 36 46 23 90 94 88 21 84 48 16 86 4 51 29 87 70 19 2 66
TEST 72 ARG:25 86 85 55 36 17 22 90 92 16 1 7 83 91 29 72 30 37 95 5 62 63 44 18 47 14 13 35 32 10 54 81 77 28 34 27 2 94 78 19 39 4 69 48 89 12 15 71 38 76 33 68 75 70 23 82 58 11 80 52 49 3 73 9 46 98 43 74 67 40 51 96 53 88 6 84 97 26 31 65 42 87 41 61 99 24 79 56 93 8 50 0 45 66 57 59 60 64 21 20
TEST 73 ARG:7 34 78 47 28 97 95 66 94 16 99 57 27 11 91 88 21 48 19 6 38 40 80 31 84 73 43 56 87 98 49 20 9 89 50 23 54 96 74 51 65 77 24 46 13 17 69 61 44 55 85 86 8 41 45 1 79 36 15 71 82 59 63 81 3 52 5 14 72 42 18 12 32 10 90 26 29 25 83 75 58 0 60 64 2 92 33 62 67 39 53 4 35 68 37 70 76 93 30 22
TEST 75 ARG:49 42 77 59 14 29 22 67 74 6 19 50 47 83 71 69 3 78 36 0 63 84 52 45 53 94 54 37 97 33 28 64 79 40 89 39 32 82 41 15 55 73 76 57 80 13 38 4 48 46 66 72 75 98 11 56 12 2 23 1 31 61 68 7 27 30 91 24 96 70 43 60 99 10 88 90 44 93 17 65 20 85 34 51 62 58 25 26 5 86 95 18 81 8 35 21 16 9 87 92
TEST 78 ARG:1 2 57 45 90 39 75 53 10 14 83 8 46 21 87 58 33 31 9 73 47 63 89 5 43 13 95 71 25 35 86 0 16 88 6 99 23 98 81 59 20 67 92 70 54 30 7 76 49 62 4 66 85 42 34 74 69 3 26 19 37 96 22 80 11 40 52 17 82 18 29 56 93 12 60 91 32 77 72 27 36 38 64 94 50 97 79 51 55 15 84 41 28 44 48 24 61 65 68 78
TEST 80 ARG:26 88 60 6 32 27 72 22 36 5 54 96 55 40 23 7 34 46 80 38 53 75 73 30 83 78 63 77 57 49 19 2 50 13 21 16 74 14 59 11 35 97 90 18 43 20 64 87 61 76 93 99 98 79 70 67 47 41 3 66 86 17 9 89 42 85 25 52 44 4 92 91 15 48 39 37 33 62 10 51 65 82 56 45 28 71 12 69 31 68 81 84 58 1 29 8 24 94 0 95
TEST 81 ARG:58 65 40 28 2 81 80 50 96 45 14 5 62 12 52 59 47 89 33 86 70 8 30 3 31 44 61 34 39 71 32 42 76 35 11 55 57 48 64 90 36 54 77 92 94 37 1 99 4 98 27 60 18 24 43 17 23 19 56 10 22 26 69 16 51 75 67 73 9 79 63 13 93 83 0 53 29 46 84 97 87 66 49 20 38 21 91 95 74 6 82 25 68 7 41 88 78 85 15 72
TEST 86 ARG:45 74 20 31 68 79 62 2 67 94 23 69 15 41 1 91 63 86 30 80 76 13 40 37 32 87 28 89 56 83 10 24 43 49 82 73 0 77 9 25 27 18 42 72 58 99 55 75 35 46 93 7 22 44 60 70 39 78 4 57 54 98 36 52 48 3 92 88 26 96 34 38 16 65 5 59 14 66 53 97 51 17 61 81 33 12 71 95 85 50 47 19 21 84 8 6 90 29 11 64
TEST 88 ARG:44 99 2 23 93 37 11 73 62 90 77 69 42 17 78 82 32 92 36 61 97 70 33 9 10 41 21 40 0 66 64 87 27 86 4 75 84 45 25 85 60 81 95 38 72 14 63 49 8 68 46 98 24 67 83 88 71 50 26 80 12 20 96 59 47 56 5 6 30 53 7 39 91 3 16 79 28 1 54 34 19 35 13 52 74 94 58 15 43 18 51 29 48 31 65 55 57 22 89 76
TEST 89 ARG:63 41 2 40 33 50 88 75 42 44 11 32 0 77 30 53 65 15 54 17 79 58 12 55 36 91 99 95 61 25 6 13 26 87 70 51 1 96 31 62 66 89 49 3 84 97 80 85 73 20 24 92 72 23 94 48 59 47 5 21 90 37 4 78 52 22 93 64 27 57 86 39 35 71 98 45 69 7 83 68 74 19 56 76 34 81 18 10 43 46 8 29 28 16 60 14 38 67 9 82
TEST 91 ARG:81 73 39 74 60 33 8 34 22 78 7 76 89 31 71 82 67 25 51 69 98 70 11 45 77 50 97 48 99 65 42 9 6 37 5 91 26 30 29 57 83 18 47 94 41 61 43 92 32 24 36 59 84 95 2 16 96 62 12 64 40 13 23 27 90 28 35 63 93 72 15 55 38 54 44 53 46 17 21 0 88 66 58 87 85 4 75 68 10 80 79 3 19 86 49 1 20 56 52 14
TEST 92 ARG:36 81 59 17 76 13 35 18 38 27 60 32 14 78 68 61 66 54 48 58 50 80 53 37 97 69 72 4 22 12 64 30 96 65 55 89 23 75 82 28 49 26 46 74 45 91 21 85 16 41 73 70 7 83 11 87 84 94 88 92 51 90 15 62 0 24 86 56 43 95 34 2 98 77 20 6 57 29 3 10 5 44 25 39 9 71 47 67 19 99 93 8 1 63 52 42 31 33 79 40
TEST 94 ARG:56 88 48 40 23 81 55 53 7 98 34 95 79 77 84 78 74 58 69 76 16 1 51 50 94 9 8 11 26 27 41 33 62 13 71 61 92 91 49 75 0 59 68 89 70 73 93 86 32 30 20 52 80 36 4 99 21 66 64 25 10 5 29 12 18 42 22 67 37 82 97 54 46 57 3 96 44 15 60 2 24 90 39 31 38 17 63 14 6 72 43 45 28 47 87 65 83 19 35 85
TEST 96 ARG:56 94 50 2 73 57 29 23 82 1 93 65 11 18 4 74 22 95 75 30 69 86 43 33 66 9 85 77 16 14 55 59 25 98 51 90 91 7 20 38 21 31 28 70 72 19 26 88 61 24 39 92 13 79 76 17 41 68 15 5 44 84 80 36 47 12 49 27 8 89 46 10 63 48 40 83 0 87 97 64 35 99 62 42 53 6 3 78 81 32 34 45 96 71 54 37 52 58 60 67
TEST 97 ARG:26 0 93 40 77 20 63 84 76 49 4 24 9 46 80 14 59 47 61 23 67 90 34 43 54 33 3 1 10 38 73 66 83 50 64 6 75 91 52 22 2 18 21 65 57 19 87 97 95 81 35 16 28 15 29 89 31 71 96 94 39 48 58 55 44 13 5 7 36 53 45 32 12 30 70 88 85 74 27 11 41 68 56 51 37 72 62 42 60 78 86 79 99 92 25 69 98 17 8 82
TEST 99 ARG:68 41 96 56 24 76 81 6 46 88 55 32 78 8 33 4 1 48 28 44 70 97 36 53 72 11 47 51 0 37 60 18 64 22 31 58 29 59 63 7 84 80 69 27 73 9 86 89 57 82 23 87 43 52 93 79 98 92 30 26 95 42 83 74 39 10 21 75 14 62 12 38 94 67 71 45 91 17 40 54 5 77 34 16 85 2 13 3 65 35 49 20 66 90 19 25 50 99 15 61
TEST 100 ARG:91 7 54 36 61 67 33 4 9 47 99 13 56 63 79 74 20 44 32 12 15 65 90 69 83 78 49 75 72 96 98 80 35 30 19 17 77 53 22 8 58 81 48 66 89 5 11 64 31 70 23 76 92 93 55 52 57 14 68 16 2 25 62 1 3 40 46 97 28 6 39 38 50 34 51 95 0 71 60 43 21 37 82 42 45 24 27 84 87 18 29 73 88 10 85 86 26 41 59 94
TEST 101 ARG:93 20 55 37 87 71 74 15 89 31 67 58 45 94 96 52 72 64 75 92 95 91 79 13 8 88 83 33 54 26 9 40 14 19 44 68 90 38 77 61 24 28 4 82 98 66 65 49 22 36 47 59 73 16 42 17 21 25 0 46 86 5 62 18 56 97 27 43 29 63 53 99 3 76 6 34 30 2 70 12 1 11 23 78 57 39 48 41 84 80 32 50 81 10 60 51 85 7 35 69
TEST 102 ARG:12 64 14 46 9 2 53 7 41 31 76 17 3 99 85 86 42 95 65 37 79 48 8 94 0 81 74 73 49 43 24 36 47 1 32 25 18 61 10 26 66 75 55 4 33 84 90 58 71 62 63 39 16 13 21 20 19 93 6 97 40 22 51 89 5 88 54 11 78 87 56 72 30 68 70 92 27 69 45 28 98 52 38 67 60 15 59 96 34 77 23 82 29 83 35 91 44 57 80 50
TEST 103 ARG:71 32 77 37 81 3 20 96 24 89 52 15 27 67 66 1 86 33 98 12 61 9 53 25 85 40 11 42 87 51 4 75 43 47 90 16 68 34 17 21 97 14 76 35 95 31 79 56 83 36 84 13 7 5 91 46 82 10 41 65 99 22 72 19 62 49 74 30 18 80 64 93 55 60 59 0 50 28 58 69 39 2 29 88 23 73 57 78 45 94 8 92 70 44 48 26 38 54 63 6
TEST 104 ARG:71 24 58 41 9 46 27 65 82 22 32 92 56 55 83 7 38 64 39 51 68 34 60 25 10 14 13 29 31 40 89 5 35 53 43 18 21 37 3 59 20 45 11 78 73 99 69 77 44 4 8 67 19 28 80 48 96 87 72 57 81 6 84 17 62 0 47 52 54 36 49 88 94 23 95 12 1 90 50 97 93 16 66 76 61 79 70 74 98 91 2 75 15 42 85 26 33 86 63 30
TEST 105 ARG:23 91 98 77 9 6 68 34 37 51 40 90 44 54 4 20 49 32 7 88 63 18 5 0 17 65 26 80 61 62 28 79 55 75 94 8 82 97 78 85 96 29 45 30 57 86 25 36 22 33 74 47 84 70 67 19 1 73 38 53 16 3 12 24 50 87 59 83 93 14 71 76 72 64 15 58 41 89 10 35 52 46 13 27 21 39 66 2 48 81 31 11 92 95 42 56 60 43 69 99
TEST 106 ARG:96 34 30 68 32 58 50 82 5 14 55 72 90 47 7 17 57 23 84 67 81 19 53 85 88 39 54 16 22 75 44 43 64 18 33 97 78 63 46 15 3 21 93 74 45 41 71 94 2 56 38 11 10 4 1 8 20 77 0 86 25 73 79 31 28 99 61 83 37 51 59 9 98 42 49 69 35 92 48 24 80 95 60 12 29 62 76 65 26 40 27 52 87 6 70 91 66 89 36 13
TEST 108 ARG:46 98 21 31 64 43 55 62 89 44 61 78 24 19 93 73 67 84 42 2 29 68 48 56 1 76 65 74 69 70 26 66 57 4 20 14 17 38 33 13 83 32 36 59 86 95 77 50 94 80 52 12 58 40 18 53 34 60 99 81 7 37 85 28 15 5 45 72 47 49 92 88 23 63 41 82 91 6 51 97 79 96 16 75 11 39 35 30 10 0 3 8 71 87 22 27 25 54 90 9
TEST 109 ARG:46 91 0 7 89 39 2 58 66 13 28 45 43 3 11 50 79 49 73 98 14 70 35 97 47 38 68 37 71 36 8 82 85 90 16 33 15 72 96 21 62 1 99 87 25 34 60 6 78 31 32 48 93 5 23 65 61 54 64 4 81 53 27 10 67 55 92 17 22 26 52 40 69 80 86 51 18 59 77 44 94 63 75 24 95 42 76 9 41 56 88 29 74 19 30 83 57 12 84 20
TEST 110 ARG:16 98 17 91 65 54 68 85 95 45 12 81 14 36 32 58 38 62 15 48 24 39 67 4 40 13 41 79 27 61 93 56 83 72 49 97 37 88 0 50 71 96 74 78 82 66 3 20 55 80 60 19 87 51 46 77 52 21 18 31 75 6 99 43 11 73 23 69 29 53 1 47 44 35 9 57 26 25 10 64 59 89 90 5 94 42 28 8 76 70 86 34 84 63 2 92 30 33 7 22
TEST 113 ARG:94 27 78 49 48 2 64 73 34 70 13 8 75 97 24 52 55 87 7 89 41 43 14 66 82 11 61 98 1 71 25 54 57 81 88 9 99 42 69 33 74 16 0 86 60 36 22 15 77 3 85 23 84 47 39 56 31 30 10 18 65 59 20 19 67 35 45 79 12 32 96 95 51 4 72 58 50 92 5 44 46 80 91 28 38 21 63 83 62 76 17 40 90 53 93 29 6 26 68 37
TEST 114 ARG:51 2 4 31 9 18 41 86 23 70 98 48 84 46 28 30 80 26 79 49 52 24 16 54 21 14 82 89 40 73 47 33 75 8 39 90 93 97 78 69 20 62 37 6 50 55 87 92 43 10 36 58 67 85 65 88 76 74 94 22 35 3 95 38 71 45 42 12 83 63 32 57 68 7 19 1 25 64 29 66 17 34 99 13 72 81 91 11 96 53 56 0 77 59 61 27 60 15 5 44
TEST 117 ARG:42 13 19 59 74 97 8 39 4 34 75 51 43 49 87 7 14 33 22 5 66 27 26 68 11 57 16 99 71 52 50 82 64 95 89 91 15 81 6 70 55 96 28 79 41 24 30 83 72 23 53 62 35 67 31 37 69 32 76 40 65 54 9 17 21 63 48 3 10 94 18 36 92 25 47 73 80 77 1 0 46 45 12 85 98 90 84 56 60 58 20 29 78 88 2 44 61 93 38 86
TEST 118 ARG:65 94 70 48 9 82 54 32 77 28 10 57 55 14 58 22 17 61 66 24 69 21 46 87 90 64 42 1 6 15 71 50 59 43 67 12 11 84 37 88 78 63 80 7 75 96 41 35 91 30 68 20 76 81 29 52 16 33 34 25 53 51 92 5 56 49 95 0 83 74 73 38 23 99 98 27 3 13 97 44 62 89 72 4 85 18 2 93 26 39 19 60 86 40 47 45 36 8 79 31
TEST 119 ARG:21 26 75 96 58 4 11 74 42 32 25 31 10 47 0 55 35 78 92 49 28 3 77 63 46 20 16 1 27 53 81 40 17 71 62 50 36 84 14 98 91 12 65 72 97 19 5 67 82 89 45 76 66 39 23 69 13 94 70 85 59 15 22 38 9 80 57 24 6 90 51 88 61 52 73 54 95 64 41 56 7 93 87 48 43 44 33 79 18 2 34 68 60 8 86 37 30 83 29 99
TEST 120 ARG:28 81 4 83 92 99 17 47 15 76 38 5 84 62 46 36 34 73 44 29 51 57 85 61 70 11 65 86 68 23 0 79 25 43 9 22 56 78 75 16 12 89 39 53 91 52 3 60 80 90 82 37 19 87 66 98 58 64 48 41 8 18 50 59 1 97 27 94 2 30 20 72 88 49 95 7 74 77 21 69 45 71 67 14 55 40 26 31 24 96 54 42 93 13 33 35 63 10 32 6
TEST 124 ARG:76 7 4 83 96 54 1 28 17 60 99 90 69 9 61 10 80 86 79 92 3 2 31 94 48 65 27 81 12 68 24 73 39 19 62 87 47 45 16 22 6 44 63 64 57 84 43 50 18 85 33 89 42 59 98 53 77 97 38 56 8 72 0 29 5 51 21 95 74 78 32 23 14 66 25 58 20 70 49 46 36 82 11 91 34 30 52 75 26 13 55 15 35 67 37 41 71 93 40 88
TEST 126 ARG:58 88 45 61 36 44 82 24 76 91 98 27 13 42 65 85 18 96 89 75 92 16 21 19 60 34 59 8 26 84 38 52 79 95 54 63 20 87 71 31 1 5 90 62 46 30 3 39 94 51 55 37 12 41 93 23 47 97 11 72 28 29 49 7 32 53 83 40 4 15 69 35 77 66 22 6 56 86 25 81 70 17 80 74 64 43 68 73 0 48 57 67 9 33 78 50 14 99 10 2
TEST 127 ARG:56 55 91 48 23 22 25 4 84 38 15 78 49 14 76 68 18 89 85 2 94 64 29 32 43 96 69 17 61 44 42 88 41 11 35 81 39 99 95 45 92 98 73 21 62 63 71 77 58 24 9 75 51 72 86 65 13 33 8 37 5 87 82 26 27 40 47 80 70 54 60 1 83 20 19 66 16 74 30 6 52 97 90 0 31 67 57 46 3 12 53 50 36 34 79 93 59 10 7 28
TEST 129 ARG:17 21 83 86 80 11 38 73 56 87 81 31 53 67 27 78 32 24 46 39 10 45 94 15 42 61 9 48 58 92 64 14 16 91 98 4 8 66 70 88 74 44 76 55 85 1 23 93 84 71 50 62 90 89 29 51 19 68 96 13 47 34 26 12 37 60 54 2 72 33 7 18 0 22 77 3 41 65 57 63 52 97 69 30 35 20 79 59 82 49 99 5 75 6 36 28 95 25 40 43
TEST 130 ARG:50 55 25 43 44 15 9 45 61 97 10 60 23 83 7 86 74 87 67 66 34 58 36 33 76 81 22 88 85 95 51 62 18 8 96 73 5 37 63 65 16 30 21 49 35 41 42 38 75 99 92 56 28 69 70 82 17 2 27 1 68 14 91 12 20 77 54 29 80 13 3 32 57 11 84 46 79 53 64 89 24 98 40 19 94 93 78 52 59 26 47 39 4 48 0 31 6 90 72 71
TEST 132 ARG:58 24 93 7 41 23 13 45 71 50 55 88 64 22 94 29 49 6 85 83 52 17 60 9 48 26 79 16 87 82 12 37 27 30 84 32 31 76 3 4 69 73 70 10 1 80 81 21 99 98 56 86 89 33 15 42 39 19 78 92 59 67 25 97 61 74 47 53 5 51 35 14 44 18 90 28 68 62 8 75 38 40 2 11 36 72 96 54 91 66 0 46 63 65 57 20 43 34 77 95
TEST 137 ARG:58 49 74 53 20 93 65 46 39 41 51 91 90 60 98 84 4 35 1 76 87 95 23 66 70 38 85 36 11 30 59 55 82 45 97 72 78 28 50 57 22 62 48 47 86 15 75 94 73 64 10 43 26 6 7 77 88 9 80 56 89 32 21 54 96 61 14 81 3 25 33 83 19 67 16 71 34 24 69 18 44 27 52 31 63 29 92 68 99 2 42 5 37 0 40 79 8 17 12 13
TEST 148 ARG:89 33 43 30 58 16 98 15 59 37 60 85 84 44 66 57 24 90 79 54 0 74 64 48 34 63 6 61 29 80 49 31 21 81 46 22 83 75 65 9 77 14 41 91 5 45 69 72 73 28 27 26 3 62 70 1 56 42 35 93 7 12 47 55 68 96 36 52 97 78 94 40 11 38 71 87 67 82 86 10 99 18 50 20 53 51 8 19 92 13 17 25 4 95 23 39 32 88 76 2
TEST 155 ARG:45 63 29 92 35 90 25 52 42 61 14 27 1 37 80 2 75 10 69 84 15 95 67 21 88 76 4 0 20 64 40 68 70 57 6 51 73 66 86 87 31 59 85 94 5 23 77 62 99 13 78 96 9 22 11 71 43 36 74 24 12 44 19 55 3 39 8 50 97 93 47 28 17 30 91 54 98 53 79 83 16 72 38 18 60 58 41 49 7 89 26 48 34 33 46 82 56 81 65 32
TEST 158 ARG:19 35 54 18 75 49 98 85 73 93 60 6 83 38 78 33 95 9 52 16 41 37 94 40 76 43 84 48 74 47 29 7 88 96 14 11 44 79 97 22 62 36 8 68 69 39 66 30 10 27 91 50 87 72 64 55 23 31 53 13 59 17 4 65 45 80 92 90 20 25 5 1 81 21 42 0 99 46 3 34 28 32 67 58 77 63 24 12 15 71 51 2 61 56 82 70 57 86 89 26
TEST 165 ARG:97 54 62 34 74 79 21 96 8 26 20 72 44 50 43 11 41 29 16 23 60 9 46 38 36 19 48 2 22 93 70 87 75 10 4 84 83 89 33 31 98 0 95 67 85 69 12 66 13 6 17 90 30 40 71 73 7 24 81 51 80 58 53 49 82 42 3 39 55 59 32 47 18 77 64 61 27 35 56 52 91 57 94 45 14 63 76 68 86 15 92 5 1 88 65 99 78 25 37 28
TEST 167 ARG:83 7 58 65 93 75 85 34 46 59 19 77 62 60 61 92 18 17 10 99 36 63 87 76 26 37 84 49 5 69 3 35 90 82 55 31 89 27 25 88 91 94 96 6 51 71 21 47 8 95 16 22 78 0 13 74 43 9 11 97 56 33 15 24 1 41 66 73 98 40 52 20 29 70 81 57 32 38 53 68 45 50 67 64 2 30 23 54 28 42 14 48 44 39 80 12 79 86 4 72
TEST 169 ARG:59 79 75 7 41 69 73 46 2 90 3 0 23 49 19 98 36 6 27 12 16 68 94 74 80 58 31 29 84 5 57 96 48 21 89 86 45 38 39 30 93 61 50 72 9 63 10 37 60 92 26 14 76 22 53 1 81 82 52 62 55 70 20 33 34 77 42 88 24 51 99 66 15 87 25 40 13 17 71 65 91 54 78 44 8 64 83 35 32 97 47 56 67 85 95 28 11 4 43 18
TEST 176 ARG:56 58 20 15 96 94 6 47 62 16 5 11 87 24 28 64 10 53 66 32 43 13 48 98 86 50 35 22 80 85 84 38 71 51 90 69 4 61 75 74 36 9 92 3 17 49 91 30 57 67 52 82 81 76 34 93 8 2 25 12 31 97 55 40 68 37 65 95 14 88 59 83 77 44 54 1 41 89 19 78 23 7 29 18 27 26 21 72 73 60 0 42 70 39 33 45 79 46 63 99
TEST 179 ARG:61 90 51 91 53 19 98 38 56 0 59 80 29 54 77 85 71 36 60 78 41 28 4 13 65 86 12 27 11 69 32 5 76 34 73 20 66 88 7 8 35 21 2 57 33 17 3 48 49 79 37 67 83 25 97 50 46 15 68 45 55 42 93 31 10 63 22 23 24 92 95 16 44 64 96 39 52 74 47 70 87 43 1 84 94 82 9 18 75 99 62 40 72 81 30 89 14 6 26 58
TEST 181 ARG:25 65 24 73 5 43 40 41 32 19 80 54 16 27 33 63 68 1 71 30 92 48 12 23 45 77 59 52 15 84 86 89 20 76 60 72 9 78 8 90 26 34 13 42 51 94 2 55 75 83 28 81 67 10 91 18 4 11 99 64 36 79 17 69 38 14 88 61 22 39 95 74 3 97 47 31 93 21 53 35 44 58 46 7 57 87 66 96 85 82 50 29 37 0 56 6 98 62 70 49
TEST 186 ARG:98 67 68 41 7 19 45 75 27 24 1 44 69 71 8 57 28 10 47 55 56 50 96 26 30 42 4 80 92 97 17 70 35 11 83 52 88 81 38 85 31 48 64 94 5 15 46 78 60 82 21 76 66 74 86 29 37 16 33 95 36 59 25 87 49 20 84 22 40 34 62 6 54 13 18 61 72 63 23 89 99 9 32 53 65 51 43 12 90 58 77 3 79 2 39 91 14 73 93 0
TEST 193 ARG:31 4 92 2 88 84 71 39 19 75 94 46 16 60 68 62 14 99 26 53 86 91 0 6 36 7 72 41 25 59 8 65 97 11 40 90 63 1 48 52 98 85 67 21 57 27 42 95 78 80 70 18 69 82 22 96 35 5 13 55 79 17 44 29 45 47 76 89 74 49 43 93 33 30 73 87 3 56 64 77 20 37 61 9 23 24 38 15 58 12 32 50 54 81 34 10 51 28 66 83
TEST 196 ARG:34 77 49 19 53 79 32 30 37 35 11 69 59 7 9 0 70 78 62 16 8 63 42 46 88 33 87 17 66 97 57 45 26 92 6 24 36 74 83 56 14 96 68 52 90 71 3 10 60 2 98 76 20 43 48 4 75 47 23 64 39 25 61 55 72 54 95 99 31 93 1 85 51 28 82 5 81 50 86 38 41 73 40 44 65 12 29 94 67 84 22 58 15 91 80 18 13 27 89 21
TEST 199 ARG:44 98 37 45 21 97 56 2 54 52 69 64 29 22 75 6 82 66 5 74 25 0 19 65 34 16 92 50 24 3 84 86 60 72 33 76 95 12 88 85 36 67 83 73 18 13 62 4 47 93 53 15 8 77 96 28 61 39 94 40 99 20 30 51 49 11 57 35 17 41 32 78 1 59 80 68 10 48 91 81 55 7 14 63 58 46 23 90 89 43 38 87 27 79 71 42 9 70 26 31
Multiple size <= 500
TEST 1 ARG:11 29 18 237 94 -205 -226 -163 53 98 229 110 -159 182 40 191 36 56 31 -15 -72 -64 -32 77 -20 -43 124 74 -234 -103 -246 108 71 -177 238 -60 -56 -30 101 -19 190 -143 49 186 235 129 79 -214 -204 0 -94 -44 -242 85 -203 127 -129 160 149 220 -135 178 169 22 42 164 -147 -118 -146 -78 -235 33 141 92 -198 -45 72 106 135 41 -247 7 -202 188 -71 -161 -141 -108 201 13 139 -158 -121 -86 172 -210 -164 60 -236 -109 246 -1 -186 -50 215 210 -192 -196 219 -96 -24 177 2 -248 145 -95 -128 19 97 -91 173 115 189 -2 181 -225 -180 20 -215 -213 15 200 234 -149 -212 -41 84 211 -17 -46 -111 -104 -169 -160 -28 -230 -116 185 -171 -232 -209 -233 -150 -79 44 142 -217 -115 -137 23 -68 -239 231 75 138 133 -145 -120 239 -167 50 -138 134 156 136 -243 -74 -89 -5 -131 -39 -105 -70 248 59 226 -18 70 -117 91 -136 -223 -69 -16 -61 197 -101 242 64 240 -123 -249 68 -184 -245 230 -240 -81 81 -185 -133 -107 46 69 93 157 -187 -178 213 86 -92 51 -85 6 -206 107 -189 -176 -54 -228 140 -172 -35 43 -62 132 35 -27 121 -7 -152 -38 224 116 -51 171 -237 118 -53 -66 -47 -151 -49 95 170 137 214 58 -179 241 152 196 -11 165 -65 228 -182 34 -175 193 -55 24 223 212 61 -140 245 -201 -90 -23 -48 225 199 -83 -153 143 9 -174 -112 52 -166 -218 158 125 104 247 161 5 159 39 73 -241 167 83 153 -155 -200 -29 87 144 100 48 -88 -77 208 117 88 151 -181 17 -6 -63 57 26 -102 65 -170 54 179 202 -114 10 -80 80 150 203 184 194 63 -113 166 217 -119 78 -190 -110 96 175 174 -244 -97 -3 -156 233 -124 192 -93 -22 55 154 122 -227 -52 162 -57 102 -42 168 113 90 -165 -211 147 27 -139 -40 -229 -154 -21 -173 -26 -220 89 28 -12 -132 206 -106 249 -76 -130 207 243 146 -224 67 -100 180 195 -197 221 183 -238 -34 -8 12 119 -25 -208 126 14 -82 112 236 21 16 -67 45 -193 131 -127 218 -59 227 120 155 62 148 204 -250 -10 198 244 -87 38 -13 -75 -14 105 123 99 -73 222 -58 1 -31 176 -84 8 216 130 -4 232 -219 -134 205 -207 128 -216 -148 -194 -183 3 -168 114 -231 -122 209 -36 103 4 -162 -195 -221 -144 32 -222 76 -99 66 -37 37 -126 111 109 82 -9 -125 187 -188 30 163 25 -98 -199 -191 47 -33 -142 -157
TEST 2 ARG:10 46 -104 229 144 -121 161 122 -172 164 20 -218 -33 -19 33 -197 -130 -173 -131 194 26 222 182 22 -36 -168 -147 -145 179 127 112 111 -78 88 17 40 -119 -171 -107 -83 96 249 -193 211 60 -140 105 149 -161 -1 -70 -149 -114 -97 -160 75 206 30 135 -233 -49 146 -61 213 133 12 -199 63 224 188 37 216 -87 -208 1 -151 -246 -212 52 71 87 184 -150 -196 79 32 -217 69 186 -39 -46 -79 -137 -62 185 -156 -80 8 -118 215 -89 230 -180 -20 -220 208 -178 -68 169 232 45 -175 143 -111 243 245 35 -123 107 -194 -234 -77 -113 235 84 -182 -127 -54 -141 -21 -32 -26 -11 -242 -122 -185 23 191 31 -42 -144 202 -148 -110 106 2 -69 151 -177 -170 47 197 139 -17 61 -187 -205 -165 -60 -211 -40 -159 -146 -155 160 157 -16 74 239 -66 -241 -81 225 196 99 -124 120 -38 -112 -174 -228 116 -91 103 -129 -224 -101 218 -192 -136 174 -248 177 -190 244 167 153 -58 -50 38 -213 147 -9 205 11 118 94 -76 231 -43 6 148 -214 76 200 114 -166 89 -67 4 83 233 137 62 53 166 78 209 -27 55 -216 -98 199 -72 19 -189 -88 204 -222 -35 155 -135 -184 187 -209 -64 -52 -95 210 132 152 48 -164 -126 -139 73 86 -143 -71 51 -2 -5 -53 102 -93 -128 -245 170 -133 7 56 181 189 100 -243 -153 98 -162 42 -138 134 -125 15 39 101 -41 201 -7 -244 -186 -90 44 -99 248 104 -75 246 97 234 -169 -105 92 -30 -201 228 28 -235 142 123 -115 54 -176 29 207 43 158 -48 -226 -229 -74 -13 -223 50 49 217 95 -198 162 183 13 -250 117 14 -210 171 -55 -103 -179 240 -44 18 -65 82 -134 70 -108 -51 156 129 -86 -232 113 172 175 -188 -23 -4 -238 -3 195 221 -109 -117 247 238 57 -240 226 -225 5 -167 90 21 -63 237 -45 -100 58 -132 121 -22 81 178 136 -183 -31 59 -47 80 -163 126 -157 -219 36 138 -106 3 219 -116 -85 128 -195 -158 -215 64 77 236 227 -230 119 220 125 85 -206 -221 -73 -191 108 -249 91 25 124 242 173 -202 -181 154 65 163 -24 -120 0 140 192 -207 9 -59 67 212 -203 -12 66 -34 -8 150 -247 -6 -204 93 -236 -84 68 168 214 223 24 145 -239 190 -200 198 -14 41 180 -94 -25 241 -82 109 72 16 -37 -18 27 -96 -28 -154 141 -142 -237 -152 176 -10 110 -57 115 159 165 131 -29 -102 -92 203 193 -56 -231 34 -15 -227 130
TEST 3 ARG:6 -94 -83 -220 112 214 231 168 -115 -210 -215 35 124 -5 114 -154 -165 1 -128 133 -196 -23 -98 157 -141 84 -76 -12 -203 31 -149 -242 66 5 49 -191 119 -126 -123 -87 69 -133 71 -207 199 -246 41 61 2 210 -159 -223 79 232 126 138 105 104 135 -162 162 204 43 51 174 -244 149 -122 -148 25 222 -211 159 111 48 -127 -102 98 -236 118 -116 148 18 224 72 -63 27 249 96 -51 164 -49 -20 -150 -131 38 -144 207 -222 153 186 47 -143 -78 87 -101 -26 -10 -176 -55 -41 -237 -134 -86 192 158 211 9 176 179 -44 -121 127 -79 115 -212 -66 -119 191 68 32 229 15 -231 -145 109 241 -187 42 -1 -172 4 116 -224 144 46 -110 57 -19 -182 -184 56 -189 166 -169 -157 -205 -232 52 136 -167 -240 203 213 -124 -43 194 -241 11 -230 125 -37 -67 -135 -89 -99 190 217 36 19 -147 -62 167 237 -163 219 -216 -24 62 120 28 -58 -31 -56 -34 171 -227 -186 -68 212 -125 128 -177 -249 82 -173 -113 -75 -204 -181 -202 24 188 70 152 150 -103 156 91 163 -6 236 -198 20 -229 130 201 -238 -188 175 -46 103 92 99 -36 -250 206 154 76 215 198 -80 -47 208 -84 74 -233 134 -111 -50 -97 -93 -17 170 -60 -166 -137 -183 122 146 -194 195 228 -85 -185 202 216 -81 -199 40 117 81 -11 -92 -248 142 -117 55 165 -13 -14 -2 189 -88 7 -152 -32 17 -9 -30 155 131 141 106 45 -8 77 184 -39 -164 -16 -57 65 -42 -106 230 -7 -175 140 -64 58 -69 -197 83 139 -243 -65 23 218 209 -25 -21 -120 147 22 145 -206 108 227 -192 -77 89 34 -193 -100 -158 -178 -213 151 26 -228 -200 -153 -245 -71 -234 143 21 -161 29 -29 -59 107 182 -146 246 -247 234 -195 -180 -96 -214 -28 220 239 93 67 121 50 39 238 110 243 -109 197 -95 196 -160 183 132 -225 244 75 -72 12 44 161 -139 63 0 60 187 205 225 178 -61 -33 -142 8 223 -239 -129 -151 129 13 53 -221 181 102 -105 33 100 -70 113 -171 -226 95 85 73 200 -190 90 -4 -155 -3 94 -52 172 -18 -235 169 -48 -208 173 -136 -201 -209 -108 -15 -217 -138 -174 -107 -114 -156 -74 226 -219 185 -104 -40 193 -118 -35 14 -53 -27 80 177 -73 64 -54 235 54 -38 233 97 101 10 -170 78 -112 -218 -82 -140 242 -90 88 160 245 -130 3 16 -45 137 -132 123 -22 240 248 59 221 247 -168 -91 180 37 30 -179 86
TEST 4 ARG:1 75 156 201 -130 8 -185 -227 -35 -4 -247 94 -214 57 -101 -138 -2 167 -103 -80 20 168 -74 224 -129 119 -69 -50 -1 -164 -194 -144 106 -77 37 -84 61 169 230 163 -90 214 46 81 -81 172 249 -41 159 189 -44 -116 34 -110 55 124 -133 175 118 83 -249 -160 45 221 7 -229 -24 89 90 -105 -183 154 -250 115 150 206 -204 -149 -20 93 -67 -119 114 -172 -200 -146 2 -16 -180 -71 -245 5 245 -162 205 -5 22 129 -176 151 -17 -232 -107 243 27 11 180 13 226 237 -68 -177 -79 -76 -98 -56 -135 -209 -182 104 176 194 139 219 -63 193 87 -137 -64 -203 140 233 -234 112 -48 235 228 -191 14 -219 98 -122 -124 24 148 -85 -213 -19 95 -43 215 32 203 -112 -34 -211 4 103 -240 -100 177 38 43 -6 -91 155 -104 -197 -141 223 -198 171 -143 -151 -22 186 164 58 218 -58 210 -248 -166 217 -23 -95 66 53 41 -145 69 65 121 -7 33 80 -106 -59 -231 -174 -109 157 188 -238 18 229 225 -117 79 67 -18 213 -53 71 190 -12 35 -157 216 -179 -36 -108 -111 231 6 126 -93 23 -187 -15 132 182 -195 162 130 -70 234 173 -210 120 222 -242 -52 244 178 -196 44 -88 -192 236 -102 220 107 -222 64 3 -3 -217 -206 -220 -11 -216 -167 -168 0 -230 131 84 47 143 -155 -142 -175 -30 137 166 134 -10 86 158 -29 -83 204 63 153 -235 -136 -152 185 212 -37 10 -115 -228 -89 183 -97 -243 -184 -239 -132 -118 105 15 51 -94 -120 161 56 -223 238 29 -156 227 -153 113 -190 247 -66 -49 -86 60 198 -178 48 -27 246 187 196 68 -150 195 -125 -202 142 16 76 -148 -28 -42 97 -233 -21 136 174 -128 -163 26 -65 -60 199 -193 -237 -47 -241 116 -96 -25 -154 77 9 -14 88 202 184 17 110 211 -8 -161 -171 -186 145 146 -114 -215 -13 -207 108 -208 -244 241 -226 49 -78 149 207 123 -46 28 -99 165 72 117 12 100 31 -140 -54 128 -134 50 -224 208 248 191 -9 -236 -39 -31 -82 122 -159 181 42 -92 -139 36 -51 141 200 138 242 70 147 -212 197 -123 160 101 -33 -131 109 179 -32 -189 -221 -199 -188 -61 78 -75 239 -57 111 -169 82 59 -147 -38 144 133 -40 39 -26 96 54 127 -72 -170 240 -201 99 170 152 -246 21 -181 -121 85 52 -173 91 -165 -127 92 74 -45 125 62 209 102 -62 -55 -205 232 -225 135 192 30 19 -87 73 -158 -113 -73 -126 25 40 -218
TEST 5 ARG:-42 -112 92 207 61 48 -88 126 104 -43 129 -204 -15 -62 63 55 -122 -50 -215 -232 112 195 -177 -138 -143 -240 -75 -107 180 -9 199 245 194 -228 28 117 102 -178 226 139 -56 96 193 82 -17 94 210 125 26 -217 -188 -110 158 -150 -109 30 -6 -104 -95 -171 118 17 24 79 -141 -131 -208 127 15 68 246 -154 242 -54 167 -172 -168 2 -37 232 12 236 -152 -123 136 173 -223 86 -139 98 -47 -64 -94 -66 -83 65 32 69 60 -79 21 227 31 -180 -222 247 -209 -22 1 -179 -89 -58 -197 77 -189 8 120 -113 70 -71 88 -233 -128 53 128 221 -63 -29 -169 57 -100 204 -103 -14 -234 146 185 -59 52 237 -220 230 220 -27 67 -119 -213 -70 -198 -38 -218 243 35 196 111 187 214 184 -87 148 41 23 -65 171 -242 46 -136 -97 47 -93 42 20 -81 -147 -206 -41 -238 -167 202 3 83 0 -4 -194 14 166 124 51 162 -166 6 244 149 99 -80 134 80 7 -33 203 -191 5 110 103 -5 163 -142 -235 -212 72 138 105 222 -151 -10 145 -21 -187 -192 29 -193 -146 -55 -92 132 -91 175 -120 -96 164 113 -245 176 109 27 122 -127 66 -153 19 84 248 -221 192 218 -249 -11 121 -101 150 -239 238 -162 10 -210 -34 76 235 156 54 -49 -246 49 -18 16 131 -51 -156 -39 44 11 13 95 90 -3 -77 -20 -57 123 168 -102 56 224 -231 240 165 130 -61 -161 160 -207 209 223 153 -111 -200 50 201 140 -2 -216 -214 -52 -170 -124 108 -106 190 -98 143 172 -230 101 241 -160 -225 -248 -32 25 -130 -158 119 -84 216 189 18 215 174 75 -157 -68 191 4 200 39 -121 239 43 -211 -40 217 -85 -69 -126 -76 -159 -164 -99 228 89 -35 100 -86 151 45 141 -78 -196 -74 179 -31 -195 -174 -24 154 198 -7 -12 -135 -163 37 161 177 -201 -186 59 -173 -224 142 -25 178 -1 114 81 -108 211 -23 -116 85 97 -243 234 -250 169 -46 208 152 -8 36 -82 -205 -247 115 87 -185 155 71 231 -165 159 74 205 9 -53 62 212 137 -244 91 -67 -19 -72 229 64 33 106 -26 -229 40 -155 -134 -183 147 -184 182 38 -236 183 -199 116 -241 -73 219 -149 -60 -16 -137 -115 34 157 -13 -48 -227 181 -36 -28 -237 213 -140 133 -133 -90 -125 107 -144 -175 73 -30 -219 249 -148 -145 -105 -190 206 144 233 170 -129 22 -182 197 -176 -181 -132 78 -44 58 225 188 -203 -226 -117 -114 135 -45 93 -202 -118 186
TEST 6 ARG:-97 -45 -236 24 -149 3 -56 -247 199 -118 -123 -225 -205 186 -232 -168 212 -33 81 -80 -233 -245 65 35 158 111 -24 78 142 87 177 -135 -15 -243 -185 90 -11 -198 -175 22 -246 180 164 41 104 225 -26 -134 -78 33 -4 246 -248 -67 -18 165 211 178 -218 141 149 86 179 201 9 -163 34 -154 -86 -229 -55 193 -35 -106 -182 -105 -147 135 -22 77 191 -201 -7 217 84 208 228 105 51 -141 184 -131 -34 -136 224 85 18 144 114 132 238 121 -13 -94 21 19 136 -119 200 -193 -90 -211 26 74 -83 -172 37 -184 139 -38 -216 83 32 -180 13 222 237 -228 -239 -20 -16 -40 243 204 174 -47 -177 6 16 -174 -87 171 38 -44 -126 88 46 -77 -14 -224 -157 156 47 59 108 -54 233 115 -226 80 -176 -70 195 -188 215 -79 185 -39 -151 125 -170 -81 -217 240 -59 247 -84 -111 -6 -113 -214 218 137 245 -160 143 203 235 -221 5 -32 57 210 -133 -159 192 169 110 150 -95 -101 -250 -195 -167 167 187 168 223 123 -199 116 -23 -238 -208 -108 196 -48 -152 60 -5 89 68 -140 213 -41 -127 220 52 1 93 -50 56 79 -85 0 -150 64 133 -1 -125 -3 113 234 62 23 29 -162 242 -203 -220 -223 -207 39 -144 -181 4 76 61 -121 -93 101 -71 -12 189 145 67 -46 48 244 -244 -155 232 -58 159 -89 -116 109 58 97 -64 49 -8 17 120 -69 -128 229 -21 166 -209 -61 8 -102 -9 -88 -96 -73 75 28 106 -219 -200 -231 206 207 -66 -43 -210 130 -143 182 112 -129 -187 127 -65 30 14 96 100 155 -122 -68 -241 -99 -234 -91 -117 151 -222 44 107 118 -156 -227 214 -165 20 -146 25 -186 -115 175 45 209 194 50 103 -194 -242 -63 134 162 -202 63 -37 -206 152 230 2 239 55 172 -183 -107 -60 131 129 -76 -204 -166 -72 -192 99 -158 -230 40 -27 -161 198 -190 221 -75 231 -74 140 183 11 128 102 -53 -2 -145 73 -178 119 227 -169 157 -114 -139 12 -36 91 241 248 71 205 -10 -142 -31 -98 138 92 -240 27 -103 -92 122 216 -30 -62 -82 226 -212 -215 163 147 10 94 249 -42 160 -235 -100 -120 -173 -29 42 161 202 53 -49 54 -164 -124 -112 -153 31 36 181 153 -171 72 154 124 148 -130 82 -25 176 -104 98 7 70 -110 -51 -249 219 43 -109 197 -28 15 170 -197 -148 -189 173 -17 -52 -179 -213 -196 -138 -19 -137 146 236 117 188 126 190 -57 -191 66 95 69 -237 -132
TEST 7 ARG:-210 13 189 185 -170 -220 217 -110 193 164 -130 -24 152 -90 247 22 29 140 -109 180 153 206 111 47 246 -34 -73 -67 86 -27 -64 -119 -21 -78 -104 220 133 -232 242 -218 23 119 -52 188 178 75 202 -186 92 228 36 -39 -7 -215 114 -18 118 -246 -97 -87 225 82 -43 -86 226 -242 14 123 -48 232 175 -134 39 -149 -51 -227 196 -79 -35 64 87 30 60 18 -223 -138 203 212 186 -231 58 -175 -54 77 -108 -105 -60 237 -199 201 222 -12 -129 -154 -94 233 169 -132 205 27 103 -8 -209 -207 -203 -70 79 146 161 -163 -128 183 9 241 -197 7 -208 95 35 207 -195 -211 125 -189 -241 234 143 141 -143 221 -49 -15 -17 174 -234 -33 4 68 -240 -9 -201 182 17 -236 157 -118 208 -31 -148 0 -198 -176 179 84 37 -123 -124 -162 -23 10 184 72 -172 -50 -144 -167 25 197 -212 -59 -71 127 -178 139 165 -133 115 2 138 -113 -145 11 61 -192 -115 -153 -180 -98 177 88 -101 108 99 150 -200 236 245 -3 129 155 -165 214 -20 -250 -169 31 -92 -244 248 15 106 65 -46 -157 181 -107 41 28 243 244 -249 166 198 -2 73 -177 -84 20 -206 231 100 -126 -88 -89 124 21 -187 90 -229 238 -55 6 122 -61 53 -5 176 52 160 154 101 59 130 -247 63 -22 128 163 145 -81 -224 -179 -99 97 -30 50 192 -66 70 235 56 -166 -151 219 -45 191 -85 109 -38 195 200 -185 230 144 -72 -6 -159 -147 142 -188 213 44 194 -136 57 -32 223 91 34 76 105 19 131 215 -125 -142 -75 147 -171 -83 -174 -190 137 54 -164 -47 -4 -14 -74 -238 -93 -11 -114 -182 -140 -225 249 116 -221 96 78 227 -62 120 74 -152 12 5 239 -37 -161 -56 199 55 -77 204 -233 -111 -214 33 -44 -19 51 -82 -137 67 -216 -40 -65 -80 110 32 -204 -156 209 -194 187 171 93 -184 -219 -95 240 -222 -106 -191 -121 -68 -13 -16 -243 -168 107 -122 -26 216 -202 -10 224 -116 158 66 -36 -131 -112 -25 1 126 -117 135 -235 -28 80 3 43 16 62 94 -150 151 136 -183 42 -127 149 26 218 -248 117 -146 -155 -100 159 121 -69 -63 -237 173 -239 24 40 48 -42 156 98 -41 -160 38 -158 83 -245 168 134 -135 229 46 148 -139 167 69 -196 -181 104 -141 89 -226 170 -103 113 -217 102 -213 81 -91 -96 45 -1 -120 172 8 71 112 -53 -58 -29 -193 132 -173 211 162 -228 -205 190 -102 49 -230 85 -76 -57 210
TEST 8 ARG:135 232 49 -186 119 177 230 242 -137 -221 139 -167 -193 215 -92 47 -108 -9 161 75 -113 -69 -86 109 150 179 88 39 -195 205 210 -66 -19 141 -230 83 -10 172 10 -127 33 -39 48 -17 246 -249 136 207 115 217 79 -87 165 153 226 -223 32 -200 27 -245 -235 247 159 154 222 148 20 74 189 -239 -100 94 71 -23 -81 4 -57 -67 -136 -20 102 -72 -236 -199 -91 58 -3 29 -228 100 -181 -226 -111 21 81 59 143 -112 -68 137 241 182 -62 -118 -170 -14 84 -31 -147 17 -171 243 11 -224 37 -54 -244 -219 -46 -162 -15 125 176 -1 -65 -206 -88 -203 -187 -215 -145 -49 244 201 62 -185 166 -154 152 -64 -135 -85 -198 160 -130 -182 -71 196 216 -29 -151 123 -102 56 -104 6 -61 235 127 -191 -192 -89 180 -95 -33 -126 23 66 -121 -131 231 239 187 -227 -99 -180 132 -7 -210 198 45 105 -50 41 142 97 204 -148 73 111 -47 -34 151 -116 128 -44 -183 25 220 77 -8 -159 69 224 145 108 -11 16 -103 -161 208 -233 26 -175 -82 -134 68 40 55 34 129 85 -63 211 -178 -157 209 113 178 -22 -174 -232 -177 -42 213 229 -248 -122 92 -173 190 -176 -250 -18 225 -98 156 147 157 -41 31 -25 -80 -76 -51 124 -166 -153 93 -168 8 116 -55 227 -163 36 46 15 -21 -30 -4 168 38 -56 18 126 -211 52 9 169 -58 219 44 -209 -2 240 -83 -231 -217 70 -158 181 206 -190 -242 -79 131 -165 -125 -27 237 -138 72 -77 -225 -32 -194 197 -201 2 -24 234 22 -78 -243 191 -234 28 82 -101 171 158 -207 -16 -247 -35 174 173 -146 175 -40 -189 -109 -96 86 -237 -213 104 -28 -143 -240 -38 7 249 -140 51 -106 -208 -124 -142 236 -110 53 -238 -150 12 200 -216 -160 -48 -52 185 -222 134 155 -205 164 233 42 -105 122 184 30 98 117 65 -6 96 140 -133 95 -141 238 212 -196 -94 -107 -212 112 -188 -172 193 -36 -97 146 -90 -220 -241 -218 195 -184 63 -43 223 -84 248 91 120 202 -179 89 80 35 5 186 -53 -202 13 -169 -119 61 87 203 -144 -73 218 -139 -37 -75 -246 138 -114 110 -197 192 -59 130 57 101 -45 133 -128 -74 -229 3 50 76 -204 245 199 67 167 43 14 221 188 -115 54 194 99 -155 1 -117 0 163 -12 -149 -60 -120 -214 -156 183 -164 -129 19 -70 170 -5 214 -26 60 144 106 24 121 103 -13 107 -123 149 114 -152 -132 78 -93 228 90 118 162 64
TEST 9 ARG:-162 -24 97 98 121 132 -247 202 134 -83 7 149 -145 245 93 31 58 -75 -182 -86 -148 166 5 158 -176 -55 -34 -174 218 -207 -47 -181 -134 68 -168 43 144 179 127 74 117 -50 -157 221 57 19 -87 -1 102 153 -183 146 -27 231 -64 118 -39 73 -25 -40 120 125 -226 -74 230 190 -91 140 -221 -107 -59 247 -116 76 -151 -111 -65 22 -104 -231 -205 234 108 -146 -109 -224 21 -71 107 -14 46 16 -179 147 -115 -208 52 -20 64 61 211 -11 -186 -236 45 156 159 -209 -84 -37 -188 -32 131 -41 54 223 -240 112 172 -43 -60 88 -158 -196 -17 101 -232 229 -213 244 232 -93 165 33 -159 25 -15 241 -193 59 79 -9 162 -89 32 -153 -72 130 -173 195 13 124 -103 56 126 155 65 -222 72 -92 1 -137 150 248 42 4 -54 -170 -166 92 -235 177 138 173 -12 -120 246 194 -234 -141 0 48 -31 233 -114 -161 37 157 215 -35 18 85 26 225 203 38 228 -175 139 67 -100 35 -63 222 -21 174 -28 200 -3 -30 -195 235 -8 -53 12 -156 81 141 -13 -44 14 184 -129 3 63 164 -128 122 -246 -94 183 -230 27 -248 9 -204 -220 116 152 84 -96 15 -101 50 -108 201 49 -229 -215 34 -212 145 237 178 11 28 204 -106 -233 208 181 -77 53 44 -192 219 -194 -66 -127 8 226 154 -217 -249 167 86 -67 -216 -139 111 23 -154 -185 192 41 -223 -202 -76 -58 -206 -124 -90 -36 -177 17 -2 240 -133 55 -105 -80 106 128 -138 60 95 -140 -243 39 170 -150 66 -214 -189 -152 196 -164 -211 239 180 -16 227 182 119 216 -123 83 161 -238 62 -68 -57 -56 -119 -149 -163 -81 -160 -112 -142 236 142 -23 40 -18 -79 -219 214 -169 105 213 94 206 -26 -228 -70 -45 24 -85 -5 238 -250 -237 249 224 -46 103 -241 -191 -197 78 -118 -187 -121 -147 80 217 -6 -49 197 -19 169 -98 191 -184 -199 -97 212 143 -33 -244 -61 113 -132 114 70 91 -135 -88 2 -69 210 -136 110 -200 133 104 186 198 189 243 -22 -117 87 160 89 -225 135 -210 -239 188 137 -38 -113 -131 -227 -201 -51 -155 77 -73 220 -29 129 115 242 20 -180 10 -190 -125 82 168 -10 176 71 -7 205 47 -165 199 109 30 -144 148 151 36 -245 -42 -99 185 207 -242 51 -62 -171 163 -4 75 -122 -82 99 175 29 -130 -218 -198 -110 -48 209 6 100 123 69 -178 90 193 -78 -203 136 -172 171 -143 96 -52 187 -95 -126 -167 -102
TEST 10 ARG:-58 174 -144 109 165 175 -68 46 -146 181 -121 249 -179 -98 -51 -237 73 -155 41 89 -10 140 110 -216 -73 -60 -110 26 173 -71 -156 226 -32 -198 -12 246 77 185 195 -118 34 -128 -102 103 -97 -177 -203 -82 61 221 81 155 182 -175 -171 -180 -243 97 -86 187 232 58 248 141 -232 102 -215 127 -193 153 231 -125 21 205 -142 -93 152 222 13 159 -107 228 -17 54 32 10 -114 -52 -27 -50 179 -99 -91 209 51 91 -247 -178 -30 206 -112 -147 70 -231 -214 -103 -26 216 69 -235 235 -25 -148 233 215 220 -23 -185 82 132 -104 -199 138 -242 59 191 -39 92 35 147 171 212 189 64 49 -166 115 -18 162 88 -85 -211 -44 168 -21 -116 -225 -212 -160 169 94 -189 223 55 -117 25 -197 -126 247 38 19 170 210 198 -190 -76 -43 -149 -81 -182 148 234 -63 111 16 63 196 -158 129 -219 17 -80 -191 108 -230 -220 197 -250 -105 -224 -96 237 -79 5 -109 96 -16 -89 -195 72 -66 78 -22 183 -192 -173 -164 -61 242 -3 121 -2 7 0 241 15 -194 114 120 194 106 117 -196 184 -204 -77 125 -139 -163 -24 -13 48 101 -55 -168 3 139 -122 -70 36 -134 -132 68 18 87 -15 116 -137 200 -87 245 -207 229 -49 -7 80 -150 -162 218 12 199 224 123 -143 39 -101 -205 166 230 -57 -35 -133 225 24 208 -153 -20 -72 -37 30 27 219 -161 50 -210 -249 112 83 100 156 -119 98 105 1 37 -246 -120 43 2 135 -154 149 107 66 4 45 47 240 -241 76 -74 -170 44 -183 -151 -172 -88 60 -236 104 -41 150 -184 93 -65 -36 -83 -165 74 -217 -174 143 -200 -248 28 -152 192 -138 207 -221 214 -100 161 -5 -157 137 75 -64 -54 -188 57 -46 -206 -213 158 -111 -40 -145 154 -9 -28 -159 -67 145 -84 119 -234 160 144 -131 167 90 14 -226 -34 56 130 99 186 -123 126 20 142 95 -31 29 180 -209 113 -222 -176 11 193 -201 6 -45 31 -106 -218 146 172 40 -129 177 217 239 52 176 67 131 -4 -69 -136 -95 62 204 122 -56 -245 -135 -8 211 124 -233 178 -78 164 9 -228 -167 -115 157 -11 -140 -141 -59 -48 118 33 71 23 -62 163 79 -14 -202 190 65 -127 -186 188 -47 -1 -29 203 84 -113 134 151 -38 -169 -227 53 22 136 -223 -53 -92 -42 213 8 -238 227 244 133 -94 86 -108 202 -239 -240 -244 236 243 85 -90 -229 -187 201 -181 -130 128 -19 -124 238 -33 -6 -208 -75 42
TEST 11 ARG:50 -1 -2 -57 41 -154 34 202 28 90 -132 -236 -92 -32 221 130 -145 185 -67 -15 48 -117 -90 -3 -20 -35 144 -219 -163 141 -243 -197 249 178 -8 119 58 151 -93 44 -4 -153 220 116 15 145 -111 226 -63 -18 -226 239 -147 176 195 -74 201 109 -250 -245 -79 35 74 -165 -169 134 -246 -138 211 120 -182 -110 -215 -172 165 -78 -139 234 -122 47 -70 -206 -27 73 -131 -39 12 245 -185 81 158 -221 115 -49 246 -60 96 78 20 174 -123 -22 -209 4 126 -141 -37 85 -28 -47 83 100 -16 1 -136 157 215 -212 175 -198 231 167 223 218 210 -235 -160 -207 152 106 243 196 -71 113 61 5 140 -107 6 104 -36 -149 -25 190 -114 -127 170 99 142 228 -220 29 -82 -24 57 225 209 -238 -87 -118 -211 49 -55 -104 -166 70 -106 -161 -99 197 154 -210 216 213 -103 75 -29 -159 -5 -194 172 -140 217 146 -225 -178 171 -214 -62 42 16 -76 169 27 -48 11 -97 194 219 111 112 244 -124 240 23 -66 -148 248 -126 129 72 203 9 -231 -129 -83 -143 164 -216 -233 136 37 214 107 -9 22 52 -174 -85 -142 -202 -193 182 -40 168 26 -56 -30 94 66 -72 230 179 155 156 177 232 -19 84 -113 24 -95 188 36 -137 62 -26 131 114 161 -162 79 -134 199 10 -120 -64 -58 242 -98 -175 -133 -52 86 127 163 60 -42 128 -17 -189 229 118 -41 -6 -21 98 -38 -102 59 108 -80 -69 241 -195 -88 198 -180 -125 2 71 180 -217 51 43 -53 -228 -192 45 121 -183 235 -34 247 -109 89 -65 237 -199 54 -177 19 -218 97 -205 207 18 -119 -112 101 160 46 63 -186 -208 135 82 0 -179 -105 -23 -224 -241 68 200 -171 -12 -156 -45 148 -100 53 -116 -244 187 -135 -89 25 -10 -237 -13 -115 -68 -101 87 -84 -247 95 31 150 30 -77 -152 -51 -204 -196 38 32 103 -187 55 138 -164 92 -168 105 -75 -11 -144 -146 191 8 69 117 80 -213 77 -91 149 -31 110 224 39 183 -46 -229 123 -222 -59 -232 -128 64 88 65 132 153 -150 21 -44 -151 -176 -157 14 -190 186 -54 91 206 227 143 -184 173 7 40 -121 166 -248 -173 -239 147 -201 -94 -50 124 -227 -96 -33 122 -61 -108 3 -7 -86 13 139 -130 162 125 -242 -223 67 189 102 222 159 184 -158 236 -14 17 33 93 76 -170 192 -240 -230 -81 204 205 -200 133 -234 -73 137 -181 -203 -155 -191 56 -249 -188 208 212 181 -43 233 238 -167 193
TEST 12 ARG:127 214 -21 45 -196 227 229 -123 -29 -202 180 21 245 219 38 182 -41 -66 136 199 -27 -82 -112 -92 -64 -35 209 158 31 195 205 237 186 -130 176 151 -36 187 223 167 -60 185 -51 213 34 -212 -34 52 108 -144 102 239 -91 -72 56 -25 181 145 -75 68 -1 -231 -159 -174 -222 -147 -197 -54 -220 65 97 -232 -132 -63 131 115 -48 -11 125 58 -45 -219 -199 198 155 132 193 221 189 12 47 5 140 94 -12 -171 -211 25 -139 118 74 -192 120 35 -109 -249 -189 -173 -244 147 -30 -81 92 -3 -221 119 -165 -68 -195 -98 -5 -230 -151 210 231 247 143 59 -44 -102 -210 224 236 -107 -213 -177 -121 234 146 148 241 -31 -205 111 153 197 168 184 -236 -46 72 -80 40 100 -183 -187 -155 139 -74 67 107 -180 43 240 -234 -140 -198 -38 -224 -47 190 -178 191 -161 82 149 84 83 -217 -106 -59 -13 -33 91 -149 206 39 166 -40 66 16 -136 -223 69 246 204 -105 64 -39 -83 -86 222 37 23 86 3 188 -104 133 89 162 121 -216 -150 -148 135 169 -22 106 -18 -113 -56 98 81 -243 -89 -69 122 161 -52 -10 -225 196 -101 -206 113 10 -9 233 -163 -57 -49 62 -42 -43 -71 -175 -194 141 129 -227 80 144 177 4 -250 41 44 114 110 -125 130 -28 117 -70 -179 157 -7 79 101 164 -37 202 -119 27 -50 -237 201 1 28 228 -23 -167 160 -182 53 11 90 217 192 163 226 -190 70 212 142 18 244 -65 -233 49 14 -135 -116 173 -241 19 -240 220 85 154 71 -176 -108 -128 -247 -204 -188 -95 -203 -214 183 -122 172 46 105 178 -103 -99 -160 -208 -164 -61 51 54 -228 -186 104 30 17 6 -157 150 -235 -168 -209 -226 33 156 175 93 -53 -229 238 126 -115 -215 170 -90 99 13 76 207 -78 -124 -17 -245 -184 -84 -62 215 -120 60 -207 -4 171 -55 109 -133 -94 -73 -154 194 -58 -166 -145 216 -218 7 -143 -6 2 15 235 -79 -162 -169 -117 -248 128 -239 -172 -142 48 -118 203 242 159 116 137 123 -96 152 179 -76 87 124 75 218 134 22 -114 -110 73 32 61 -200 -146 -15 -153 -191 225 243 -100 -111 -134 -201 88 -185 -97 -141 -137 174 77 95 249 9 -170 -24 29 -20 96 -131 55 232 -2 20 -193 -67 200 -246 165 50 -242 -158 -8 208 211 -77 -238 103 0 -93 42 78 -16 112 -88 57 -129 -87 36 24 -127 63 26 -181 -85 -156 -152 -26 230 138 248 -126 8 -19 -32 -138 -14
TEST 13 ARG:-130 94 -55 -1 -238 118 -228 211 -115 171 -56 105 235 29 -38 -188 17 178 238 -94 236 -100 33 -202 204 45 -92 36 79 137 151 -30 169 168 89 182 -137 -132 7 93 181 -162 74 -31 -10 -77 126 103 141 56 -204 140 -18 -216 -154 -120 172 -66 -37 -192 -85 -214 -89 -223 -58 -26 -102 -60 46 -165 161 133 243 -211 198 183 242 -168 -178 228 -197 -13 199 134 -23 -46 249 25 81 -63 -198 113 4 95 248 85 226 132 -235 -185 -98 -73 214 57 -12 -219 -145 -218 -140 -225 -172 52 -88 -167 196 209 -124 86 131 -21 -80 -243 -135 144 163 18 -53 -244 -43 156 31 -4 -240 70 119 14 73 -119 -210 -42 -158 206 232 -175 111 10 213 15 16 -161 3 -171 -86 153 -106 -246 -217 -48 185 -208 71 -184 246 -146 187 90 -196 -205 -181 64 157 -117 135 136 -247 -84 -236 -215 180 122 -57 -87 -76 219 76 -212 -83 125 -95 -39 97 208 -5 48 -179 -250 -222 -189 63 190 101 87 98 78 -69 225 -3 201 -45 -128 53 51 -116 49 -134 -70 227 186 167 166 -150 92 173 43 38 -169 215 -176 108 212 47 -109 23 -62 -101 -180 162 12 80 -118 -183 241 39 -64 -72 160 -91 179 -99 -220 -186 0 -136 -149 230 -232 2 -206 -160 -153 11 -24 218 50 -2 -47 116 -133 191 110 6 -159 -33 -148 -110 -28 -65 5 -166 -207 -182 128 -82 -121 -29 -245 -200 -68 -40 195 202 9 -81 -203 121 -142 -156 184 -122 -174 -50 -112 192 88 -209 147 221 -230 127 130 -241 -103 -44 28 -138 -177 244 -129 1 205 44 -79 -139 234 -51 200 100 -22 54 -249 177 -144 -17 -14 -75 164 -143 194 20 41 -123 62 65 -107 -36 -233 -194 216 197 102 -248 -125 26 155 -239 -104 148 112 8 107 99 150 -201 193 -34 69 -224 19 120 91 -170 233 34 60 -6 -113 24 146 -7 224 -35 -164 240 123 229 -67 58 -59 -242 158 22 -8 -54 176 84 96 -25 -191 -229 -78 -126 239 237 21 -71 -199 207 -234 -108 -52 -141 -157 159 -61 220 -16 -213 -152 115 -11 124 -111 -190 30 170 -90 -131 129 189 -15 -32 32 37 -9 203 188 217 -195 145 245 83 109 75 -155 -41 222 -221 -227 82 152 -74 174 72 -96 154 -20 -93 67 223 -163 -19 210 77 -147 -105 -193 -114 -187 104 138 -231 165 -27 59 -226 143 247 149 139 117 55 -173 27 35 106 40 175 -97 -49 61 231 142 114 13 -127 68 -237 42 66 -151
TEST 14 ARG:5 189 -36 117 -178 111 69 -98 -72 -17 -160 -99 119 -219 -146 -70 -59 -8 -189 -180 31 145 153 -47 -181 133 202 0 92 -170 -40 28 205 -18 226 247 91 3 128 -106 -120 173 -177 -51 184 146 -38 -222 80 210 7 -11 -243 147 -115 -117 160 60 -107 161 155 223 -157 -71 222 183 -135 -142 -173 -60 238 81 78 -213 -207 157 -211 -209 -69 77 -204 -208 46 177 140 -4 75 -128 -64 56 -112 72 6 236 -225 26 -39 -93 -3 53 139 171 113 196 16 -248 193 246 174 -48 118 -91 -182 -37 -94 -34 -143 45 -116 -81 -236 203 -227 88 108 100 -66 -140 -206 -77 98 134 -12 20 -7 74 -220 -87 10 59 -216 -191 89 -27 125 -9 104 132 121 8 58 -194 23 -121 -215 144 -111 163 -46 41 208 -133 165 -13 -210 131 -80 228 -231 -138 -214 -158 -145 102 -244 -132 51 -96 -147 -165 233 -229 85 -73 -15 -92 -45 231 -104 -24 150 154 -122 -32 148 -56 -126 168 126 -239 -184 -137 -166 151 66 -101 200 -10 178 9 230 15 73 -179 -52 -221 158 115 -203 -134 182 -237 -153 64 -127 -65 194 162 83 167 215 90 4 186 -241 -124 -186 -79 -175 -29 135 120 123 -249 34 95 -53 -43 -119 -129 219 99 -176 114 195 -172 176 221 142 -218 -113 43 166 -171 207 214 112 -162 107 -49 -97 143 185 224 84 244 229 -235 -58 -233 -154 -150 -54 -89 232 179 21 -86 110 44 -130 -190 -247 -224 -245 156 -246 152 243 -41 204 -123 87 63 -110 187 52 169 61 -196 54 -50 -161 212 211 159 39 -28 18 -151 -63 206 -21 -76 -144 170 -195 32 -30 -163 13 -201 -55 199 22 245 30 79 -102 -205 47 141 -74 -232 201 65 -14 -2 -23 -16 -141 -25 -188 -82 -234 -26 -217 35 -250 197 19 -83 86 164 136 192 209 -105 -100 127 217 -22 -238 33 -200 -159 -68 -33 -103 -198 -6 101 -240 190 213 124 2 109 116 216 180 -192 242 130 -167 -164 -187 137 -84 68 -118 149 227 -193 49 129 48 -67 -223 -57 -131 40 -85 97 94 -242 191 181 -174 218 -44 188 241 -212 237 -75 -5 42 -62 248 -183 -95 25 82 27 -109 -156 -168 -169 172 14 -228 -202 -42 -148 -125 -152 138 -197 -35 -185 -90 37 240 -139 198 29 11 -199 105 -149 50 122 220 175 -88 106 103 12 24 -108 96 -136 -230 239 1 67 -61 76 71 38 -1 234 57 -20 249 62 36 70 -19 235 93 -155 -114 -226 55 17 -31 225 -78
TEST 15 ARG:160 140 -42 100 33 198 115 11 -135 120 -247 -16 97 -63 217 -202 152 38 -201 -208 -118 99 -35 233 205 204 -133 -104 186 207 -13 -26 -72 -200 -139 179 -136 -34 -71 -142 -171 -232 81 -184 232 -237 -97 195 57 143 69 242 70 72 -106 19 -196 -219 17 -233 -99 -180 117 201 -191 -112 -154 135 -49 -39 -84 -82 -1 119 174 65 60 188 -61 75 208 124 98 -20 183 -52 3 28 66 51 -215 86 192 239 127 83 -95 113 167 176 -66 -211 -87 107 196 -65 -9 128 45 114 150 -31 -217 -121 -164 -43 -143 -110 228 -32 103 -75 -40 -4 -85 -197 56 -47 -167 8 185 -170 90 -192 42 229 200 136 -212 110 84 91 -89 -77 6 -68 223 -94 -178 237 -198 7 -189 -5 189 -92 22 206 -91 68 222 -145 -157 142 -242 -245 87 -238 16 184 35 15 -146 63 180 -108 249 -193 -214 166 71 -240 13 -27 125 -109 139 149 -96 162 -64 -73 -150 14 -55 -175 -239 -59 -33 39 -102 -158 12 -30 -131 187 245 -250 -8 -227 -130 -149 218 -62 -205 197 -127 -236 177 89 212 -183 25 -151 -14 155 -166 182 102 61 36 145 -134 40 170 111 234 -155 -160 104 246 -126 -248 37 59 122 -101 -210 -226 -23 -11 121 225 -115 1 215 -243 163 131 -128 49 27 -156 -152 -231 156 -17 34 -137 129 240 221 -230 20 79 -168 148 -220 220 -203 -119 154 235 161 -132 76 -169 -79 147 46 230 -216 164 123 21 88 -74 -37 151 -122 112 -190 -209 169 4 -204 55 236 -78 175 58 -111 181 -172 29 23 -173 2 -50 -213 41 134 -86 93 26 -174 -194 -225 -88 43 -165 -67 203 -51 -93 -228 -221 -234 133 227 146 168 85 -18 226 -21 -120 52 -222 -218 211 101 -36 -188 -60 -199 109 105 -69 44 -125 -81 171 -117 -57 241 141 118 94 -186 -58 -46 -148 9 -24 213 216 157 -103 54 31 -241 -182 -144 243 24 138 -161 -80 248 137 -90 -105 -10 -114 -19 -44 -249 78 -6 -147 10 47 -29 92 199 130 53 238 194 -176 -206 106 -229 -38 -28 209 -3 231 -124 224 -76 244 -141 30 -15 219 -246 18 193 214 126 132 5 144 -163 32 -235 74 -45 -129 -123 210 202 77 -116 -53 -54 190 -187 -162 -48 -244 191 67 178 -177 165 -22 -83 -107 50 172 -153 95 159 173 -7 -12 64 -100 96 -98 -207 158 116 -223 -195 -70 -2 -159 80 247 73 62 48 -113 -224 82 -179 153 -56 108 -138 -185 0 -41 -140 -25 -181
TEST 16 ARG:129 164 -42 37 -228 160 23 -158 -36 244 209 28 -134 -31 -133 159 235 -61 40 -190 -52 -80 171 147 101 239 67 98 207 162 225 82 -165 229 -9 53 163 172 214 -98 -197 -244 -161 -238 -184 -152 -29 -15 -220 -205 218 6 -175 224 206 -151 203 227 -193 -86 223 124 -138 -141 -89 177 -8 84 -177 -214 -102 4 -12 -226 47 -241 248 92 -11 -116 49 247 -2 14 -124 -115 -248 -186 -35 90 245 -167 -240 -14 -191 -60 -154 32 -242 15 -94 -101 -93 231 94 -5 -185 -189 -75 34 -131 62 -67 107 141 179 140 46 134 -139 -130 -218 -82 59 -199 -47 -54 -59 -201 -19 246 -192 -66 -3 -88 213 -198 1 -113 197 91 38 -6 16 -150 226 -143 -53 39 99 132 -232 -32 -64 196 135 112 108 201 -160 -48 194 -225 88 -62 43 -55 -57 3 200 116 114 -170 155 -107 -188 -84 -99 -72 -112 -209 -219 -63 -24 184 -128 176 137 -245 189 -212 0 76 -147 74 -233 241 222 -38 -117 68 -104 165 230 -200 -95 102 -91 -106 -249 -13 -118 238 41 167 -120 -206 48 -123 -34 -74 13 7 29 60 72 -1 170 87 150 52 -97 -153 192 217 -221 -237 -23 96 -7 -110 123 80 149 215 -25 113 125 -178 -159 19 17 81 193 -90 50 -125 71 85 -76 -100 243 -166 2 18 25 -246 21 -73 36 58 -127 33 -145 70 75 65 93 -149 -109 -33 -173 51 174 -71 64 24 -96 -162 -69 -111 -215 -247 -26 -79 240 221 -4 106 -28 169 89 -234 138 -37 151 -224 -211 110 220 -239 -51 -207 79 -146 126 -157 122 208 199 -18 103 -231 190 73 152 -103 26 -137 166 130 233 -208 -108 -136 -171 -16 187 142 -187 -183 -216 109 -40 27 -155 136 157 -202 -121 117 -169 20 236 -227 35 186 77 232 -58 178 198 111 -85 146 -179 191 -44 -172 -222 63 -180 -83 -126 -176 95 -174 61 -229 181 5 -148 182 188 154 11 45 22 -135 168 -210 -230 -236 131 195 173 -50 185 249 -195 -21 30 204 148 133 128 -65 119 183 9 -163 -196 97 -78 8 -43 212 104 55 -22 -45 57 56 -203 83 -164 42 44 156 -223 -217 -250 -49 145 161 121 -194 158 234 -140 -20 69 31 216 -204 12 -168 -77 -39 -213 -114 -156 -41 -68 100 127 -56 105 118 -129 -87 180 210 143 237 -181 -119 202 219 139 -10 -46 -17 -27 66 205 -30 -105 -142 -235 -132 54 86 211 -92 120 -182 -144 175 153 10 -70 242 -122 78 115 -81 -243 228 144
TEST 17 ARG:37 -52 118 -126 -35 242 -103 -153 112 -133 -69 -111 233 79 -86 -214 -39 132 -32 173 -155 -157 -68 -92 206 42 115 -109 8 170 -16 -200 134 48 141 59 -77 -177 220 13 106 179 -147 -7 230 187 -44 -104 192 169 -132 -47 -63 20 188 185 -210 130 -235 -211 -3 77 84 16 -151 241 57 -212 -60 -163 219 177 -203 227 228 18 -49 -146 209 -242 -85 119 74 69 135 -46 45 95 153 17 -108 164 -150 -215 -168 226 -175 86 183 62 -19 198 9 -96 23 -249 -97 96 148 -33 161 44 122 70 137 -171 10 -74 143 -194 -245 -115 128 180 236 -11 -95 110 -121 -24 -9 50 142 212 49 -198 -154 -78 -213 238 184 -197 -113 157 -10 -73 98 -180 150 121 81 155 -144 211 107 -6 -43 6 -106 -224 56 -170 75 36 54 -66 182 205 41 -141 35 -34 82 -247 61 67 -234 63 43 -29 196 -219 -127 -65 -156 -209 -135 145 172 32 99 80 -94 -221 -114 239 223 -217 -186 2 117 -70 52 114 190 -229 -90 246 27 -124 -140 -41 -172 78 28 -25 68 -64 93 -139 139 -18 218 4 162 -149 -184 131 85 120 -220 163 38 237 -50 152 -190 -206 166 -237 -123 -55 33 -81 -218 -227 149 160 -183 -250 -125 -131 234 165 108 -174 -176 126 146 105 178 65 89 175 243 -101 103 203 158 -8 144 -112 -75 -138 129 -226 -2 24 222 -208 -192 -102 -30 -84 -230 235 -4 -222 -191 -223 -38 123 -87 186 147 -99 -228 125 -20 -167 -239 -182 -164 154 73 174 168 -233 0 -129 -26 -173 197 151 -15 240 133 -193 -246 -37 -67 34 53 94 208 193 116 -61 58 -205 244 -80 -143 -165 113 -204 -207 245 159 -83 100 -72 -195 -58 -48 136 64 -169 167 201 -17 -241 -23 -1 199 92 15 -178 -79 -117 124 26 231 -98 47 138 -189 -243 -21 -238 -128 216 76 -120 -134 14 -5 214 -91 102 -28 -137 -240 -110 -130 66 -56 -232 -161 -51 72 46 -181 -89 204 -202 207 229 12 51 -107 -244 -179 25 247 7 109 -100 -166 39 55 -225 249 -152 -185 213 -248 -105 191 127 104 -12 -62 87 -93 29 -76 -82 -59 -136 156 -201 -162 -216 -40 -142 202 -122 -148 19 217 -159 221 91 -236 1 215 -13 181 88 -54 -88 248 30 -53 -31 140 -160 40 60 3 -187 210 -14 -27 -22 -42 -196 195 97 232 -158 22 71 101 -145 90 -119 31 111 200 21 189 171 225 224 -118 11 -188 -199 -45 -71 5 -231 176 194 -36 -116 83 -57
TEST 18 ARG:-41 -81 249 -58 -28 -181 63 234 -245 -155 -230 179 80 -120 -79 145 93 124 196 212 -10 -26 52 195 -50 -7 165 -122 100 203 149 209 -93 28 -178 62 -22 10 77 237 112 -180 -82 24 198 181 40 -249 -233 41 -153 -232 -239 -215 -191 -175 -241 -12 -160 151 86 -150 81 -52 -210 -85 -86 189 -214 -31 -173 146 110 -145 -36 238 245 239 226 95 220 -143 18 -161 191 193 85 218 -111 -103 199 -1 -102 -59 137 -130 170 61 54 236 -17 -94 96 190 -2 -238 -216 -250 19 -108 176 8 -184 -15 194 79 99 153 -132 -4 -166 143 -53 -63 184 -19 83 -33 126 -128 155 122 -71 70 -80 74 55 -24 22 97 -207 78 246 114 172 -226 -35 164 -235 -89 59 -45 -229 -140 120 -116 -106 -100 -99 14 117 90 221 -203 7 150 46 -101 -165 -159 -237 109 66 233 -119 45 204 -84 -40 158 130 -211 -146 -87 56 -29 248 219 9 157 -204 -16 -25 -97 207 35 -163 247 -61 -192 -219 36 1 168 147 60 -217 5 -126 -13 205 -47 -55 11 -141 -168 -234 -242 27 135 33 98 -95 15 73 -164 -70 -44 -236 92 13 -157 -67 136 -73 107 -174 -147 148 161 -43 197 192 -138 243 227 123 -194 -213 -158 -23 -11 -142 44 229 171 -154 -162 34 57 47 71 72 -224 111 64 -123 -202 104 163 105 167 -113 65 16 -72 -144 160 -172 174 138 113 42 115 20 -131 -105 214 232 -227 -136 -134 -60 -179 -62 159 -135 91 119 58 -148 37 -83 230 -91 187 -54 -133 -42 -6 -169 23 -197 186 -189 -190 175 -20 231 17 142 50 -167 -74 -69 -221 -185 125 -27 201 223 -170 -46 228 -218 133 48 -64 -182 -231 -188 -244 -5 -92 3 154 12 -39 -78 178 -199 -65 25 -127 -212 -107 -68 6 -38 224 -118 235 116 -156 121 -37 32 -109 87 -200 -222 216 -114 51 -51 183 -137 -196 -183 -208 -209 131 173 156 -124 -248 -9 -201 182 166 -139 49 213 -90 128 26 127 38 69 4 134 -18 67 -30 -225 242 102 144 -49 89 -75 -88 76 68 202 94 200 140 -121 -48 2 -152 -21 -3 -220 -247 241 -96 -228 101 -8 -176 -32 -240 -195 -125 -76 215 0 188 162 -57 84 75 30 -198 -14 -104 -151 -56 -112 244 -117 139 -129 -66 185 208 82 -243 222 180 -171 -206 108 -205 43 -193 177 39 -77 118 -246 -177 106 -223 -186 129 132 21 -115 210 211 152 217 -149 169 31 141 53 206 225 -98 -110 88 -34 103 -187 29 240
TEST 19 ARG:177 98 83 104 109 46 196 -143 -36 64 -154 -75 211 89 180 -231 160 -182 -249 60 -94 -60 -173 -26 187 -38 245 -147 86 178 238 -40 -112 10 111 -10 -153 215 -126 -123 126 247 -233 70 110 -148 21 -101 103 -207 38 -74 -211 118 -243 -31 91 66 -27 -228 113 96 -248 101 -155 243 -17 116 221 224 226 -41 127 -163 228 -69 -226 -132 -206 166 -6 1 -121 -168 173 -165 -181 140 -151 -213 -130 12 -51 164 148 -191 -57 167 -73 49 -128 -137 -83 -93 47 -177 19 -205 92 -92 -202 -171 176 -139 -4 68 20 134 115 24 -18 -55 -184 -179 -95 206 149 219 117 123 -122 -44 217 -131 -160 -64 54 -201 -183 -98 50 122 235 -66 214 -195 78 186 -190 67 195 -229 -118 -20 -162 202 -114 207 -82 -71 -150 -88 -187 137 80 14 -105 85 -32 82 55 -35 13 -37 73 33 105 172 -58 25 204 88 -138 -136 -34 -227 63 -188 -124 -70 -198 -2 -111 -194 -212 236 58 136 -193 -5 4 -59 150 -189 188 -81 39 -108 -16 102 156 -49 -129 184 -15 197 -43 213 53 225 -235 239 -204 56 -186 106 18 -50 249 161 -215 51 -234 182 135 185 2 -96 194 -217 220 210 -240 218 -90 79 -110 61 129 59 5 -3 -222 34 147 -149 -176 216 227 69 100 -230 84 -45 77 -135 146 -28 -142 -192 -107 -11 -242 108 28 -145 -197 -19 233 242 -172 -89 17 44 9 -157 -174 244 -220 -21 -39 168 -203 -241 212 -178 -30 43 153 -29 3 152 -103 209 124 -84 144 -72 -61 -221 27 -208 -199 -120 -236 163 183 -23 76 -56 -46 -244 231 62 -146 -97 -8 -218 -250 -87 -185 112 141 125 -237 15 26 -196 -167 -115 -104 230 190 -63 208 94 -12 -7 -164 71 159 -54 32 -161 -79 23 -239 201 -80 107 222 -13 6 -134 -224 -166 130 181 132 -67 -14 237 -47 48 -200 -77 120 131 191 -100 -119 -53 -76 -247 -25 246 30 145 128 179 95 42 175 -133 35 -214 87 -86 121 114 74 -65 99 241 -113 97 52 -210 -246 -158 203 200 8 40 133 199 -180 -219 234 -102 -33 165 -99 72 41 143 11 -22 90 -1 -238 229 7 -117 36 -68 16 22 -125 -245 -106 -78 -109 205 -85 248 -140 45 119 -225 -9 93 223 151 -116 169 -24 -159 193 189 57 240 154 -52 -144 -42 -127 -223 37 158 139 -175 142 29 157 -152 -170 -62 192 -216 -232 -48 171 -209 232 31 155 198 65 -141 75 0 -91 170 162 174 -169 81 -156 138
TEST 20 ARG:22 -183 -192 -93 245 -208 230 132 136 176 23 231 -226 -99 5 -160 -187 160 -143 63 16 -62 43 -116 -240 91 -148 171 -165 -155 -30 229 188 157 187 31 58 64 1 217 10 201 -107 -112 192 -76 238 -49 141 125 137 212 -134 88 -195 40 -16 -68 -19 134 -95 213 -135 -104 89 248 -41 178 -92 -222 92 106 -52 55 -51 49 114 133 -65 -37 85 -185 -60 103 -126 -122 119 -118 19 154 -121 78 51 173 -219 204 170 38 -138 -214 25 -115 -191 -35 -64 87 -46 181 53 -20 -159 90 112 -128 -125 -249 -90 60 100 -173 -190 -56 156 -127 -83 -180 -32 -218 108 -169 -66 219 -156 -174 115 218 -161 -21 -224 -111 -204 0 3 -225 -80 107 29 -163 99 76 -22 -78 8 189 -193 175 -223 -247 -50 -114 -201 -70 -79 -152 224 -233 214 225 232 -71 7 150 -144 -130 151 -1 -213 94 86 -158 -88 -29 39 -86 -18 -172 -74 110 193 113 159 -55 -198 32 -38 -215 153 48 242 131 -87 -33 194 135 -75 -175 182 82 21 -109 -137 105 -72 247 -119 -53 -5 -9 180 13 -48 -205 -108 -244 -54 69 142 -89 -243 -181 -45 -202 -235 -31 -23 -154 4 -81 18 -147 95 -15 -250 -177 126 72 66 104 163 -188 -142 -227 -24 -217 81 145 169 167 184 124 101 -211 -196 116 -113 -2 98 -10 -8 12 209 -67 -11 42 -123 206 236 -236 161 -120 243 -184 144 33 -150 56 -212 -7 -221 -246 246 67 -179 -69 -96 73 228 177 70 -4 37 26 11 -157 -106 57 24 -57 -207 -6 179 216 207 -238 158 -25 61 140 198 -59 202 28 148 183 -176 147 237 208 -186 -232 84 129 -105 215 118 47 -84 -85 -136 71 50 -151 -132 -133 -229 93 223 200 -102 -110 102 30 80 -149 244 -164 -168 -34 241 45 75 14 138 -182 199 -36 83 -170 162 -140 34 174 27 77 -242 -58 222 -26 -43 233 127 249 -210 -82 172 -91 -73 -47 -28 96 65 -199 -145 15 62 -241 -17 117 211 -13 2 54 46 9 6 -162 -234 -216 68 -39 121 52 149 -167 -131 -153 130 155 -61 -129 -27 220 186 -14 152 -100 164 109 -231 97 35 -97 -209 -77 -220 -200 -166 221 165 -194 -101 -3 -230 74 -171 139 123 166 240 20 -248 122 191 128 44 -245 226 -63 111 205 -40 -42 17 59 203 185 227 234 -178 -146 197 210 239 -228 -239 -139 -124 79 -117 -12 168 120 -206 36 143 195 196 -98 -94 146 -189 -237 -197 -141 -103 -44 41 235 -203 190
